ethnicity,CHB,JPT,CHS,CDX,KHV,CEU,TSI,FIN,GBR,IBS,YRI,LWK,GWD,MSL,ESN,ASW,ACB,MXL,PUR,CLM,PEL,GIH,PJL,BEB,STU,ITU
African,0.004947803754474095,0.005081240229698037,0.0057110631813080065,0.004740616186978312,0.005368589043785356,0.007870902807316555,0.009553879012033245,0.006872053815243179,0.007325176581952118,0.010841680186226312,0.1604457964248759,0.12641310527621083,0.10818651413775399,0.09592253162256362,0.15096024000915653,0.06339916242804858,0.1333753575186113,0.007227673429944918,0.02555173911470177,0.01805650750990126,0.0074053766135390746,0.00693590217898036,0.007088894410510755,0.005911798625603987,0.007560266650728719,0.007246129249853258
Any other Asian background,0.04564418149043385,0.046613392390245534,0.05232876874295743,0.043908659229204616,0.048871081244985244,0.04065513921064621,0.043479092640657566,0.03824378250396666,0.038037200140347456,0.042572533709524636,0.0058989060897166245,0.007308044960681177,0.007267813082364058,0.004777331750868864,0.005372538539651113,0.007057291426012689,0.009871054755394595,0.019192951132329848,0.03230301601058497,0.031066513041215594,0.022566552851120407,0.07873326608781527,0.07620107625137784,0.06537506586397131,0.10134791303756414,0.08530683381636217
Any other Black background,0.007790594018589282,0.007470368961522816,0.00873304669474542,0.007305020953389659,0.008581488786695915,0.025788385768882413,0.021217306749271542,0.02190408588491285,0.024478231316044093,0.025126794885951532,0.13179364981947872,0.0958415614258008,0.09103804985589828,0.0811727759890558,0.12189358738228302,0.05333558716949133,0.11151011712065836,0.011113668649735167,0.031566539321394284,0.02455302326228023,0.01090377170761656,0.015698783174777315,0.01663658640251506,0.013130693702108913,0.01626901670425661,0.015147264292644309
Any other mixed background,0.02396635590703175,0.022455158257668976,0.027587393254052527,0.02267118924775345,0.025184563936886874,0.08260240732810585,0.06817344362655306,0.07210086965205494,0.07586631984766483,0.07742449430856672,0.023385229844278765,0.021980282029362655,0.019735330496560052,0.015200796624072414,0.022154285384213768,0.01776867101382302,0.028052977012365293,0.029183912589092878,0.05599282653713133,0.0522702455089898,0.030888410432072886,0.039541701715893954,0.040625507731875565,0.03146667735312079,0.03695224341524578,0.03676870694556198
Any other white background,0.011445063234013737,0.01106899848677598,0.012029361136951395,0.009648592130351335,0.011411888157133277,0.11473671980180612,0.09320556716576608,0.10833145362476564,0.10482592341711552,0.10542164513259232,0.00452242112484442,0.006049021522212212,0.006713833434939202,0.0037112031238497488,0.0041340362124311645,0.012390911086688666,0.015391263685234228,0.031614065292473056,0.06972312954307062,0.062341109684853416,0.026021677408925286,0.03889189632082081,0.04176261867948714,0.028636158528359115,0.03240751553844172,0.03356392652609792
Asian or Asian British,0.027993210753925874,0.02721258128447872,0.03003522766608788,0.024818325334273028,0.02876090014765925,0.05836245761806839,0.05586225810572232,0.05141970250604459,0.05576660968893195,0.05728206006168284,0.005227204598642221,0.0064203065525192185,0.006655967016837685,0.004238298308028508,0.004886282538753179,0.008349535292519954,0.011511717535171849,0.022846238871619448,0.04040961782624621,0.03866765573551116,0.022621536804155313,0.08790283215269488,0.08591756654816027,0.06690468016299157,0.08627055799057526,0.08365666889869847
Bangladeshi,0.03826246856258529,0.03698455882992539,0.04306964303117264,0.038166292921511316,0.04442402345342459,0.03904131661081133,0.0400531700740621,0.038365328910831574,0.037087664407651016,0.0396893142182487,0.005161205775742316,0.005887386908261412,0.006319640722207663,0.00423926198170577,0.0047011805292228,0.006592270036119058,0.009167589130237956,0.0180234489276516,0.029569142021265846,0.028701597228741226,0.021668400473214344,0.09646965675140756,0.08732658614439218,0.08633248274778214,0.09831620937564702,0.09638016022617706
Black or Black British,0.005458211220302675,0.004552445538679462,0.005707088075717396,0.004720603592202129,0.005069865228143427,0.027543251167382342,0.01905589498585899,0.021593094923984316,0.02474936580865421,0.027072635410764406,0.1358843097577631,0.1005561176146437,0.09769178718589062,0.08458519783550301,0.13197179055183791,0.05741460974964289,0.11911668082532875,0.010540277917561416,0.03268412571473782,0.024495691598749817,0.009661797999407012,0.010553323826879927,0.01103918260840834,0.00814137257333768,0.010462589437485886,0.009678688851132988
British,0.009503467309047059,0.009081162487359929,0.009851349479238311,0.007981250557531109,0.00957946432445407,0.12965605052105106,0.09239628733340297,0.10848222086999652,0.11919382996420083,0.1096137535432322,0.0031961272778841853,0.0043640694751436405,0.005063136925608791,0.002690632464891872,0.0029012700945241026,0.012941451438536502,0.015739556420788746,0.031247204063450804,0.07024416876906661,0.06259805089665936,0.02450869036156781,0.03583034769279269,0.038825897328598445,0.026239543904313038,0.028621903825295066,0.029649112671369313
Caribbean,0.005470280892735313,0.005553829687569485,0.006158098693510266,0.00514747709825097,0.0058459227328024055,0.01870818070911034,0.015714756179847612,0.016162500221166873,0.01738319141465944,0.018969049699611384,0.1495310730726547,0.09670180646168047,0.1000470875314702,0.09066526852544936,0.14250942794406432,0.06016367267769072,0.12753898328524346,0.009223835286617403,0.028992600116619843,0.021705773074031588,0.009535535182675902,0.010006926955818563,0.010322516816189621,0.00825878303712477,0.009875335672815934,0.009808087030589871
Chinese,0.1394322174402971,0.118983745665538,0.16540097761169018,0.13560666928190918,0.14267767921018407,0.012119657150247804,0.013341051770537604,0.016367209799087002,0.011818632029523225,0.013413797025562467,0.004327187528544362,0.004822735040093429,0.00504910043943205,0.003412260883513515,0.003874264825642977,0.0042893253491236615,0.0054922563508132925,0.01545257678636538,0.013989257346362407,0.01700388779829034,0.02736423721212761,0.022245027114879218,0.02220328478436626,0.030140136252363517,0.026089493584680164,0.02508333171882538
Do not know,0.01769430846118472,0.016409118496272017,0.019545665910034506,0.01617345670173959,0.018723291225162943,0.09196572497373294,0.07511639306391373,0.07783797275155518,0.0836825457053416,0.08463540992100553,0.01971449803682124,0.01860352325258376,0.01760529382620269,0.013358933707842522,0.018530122873859238,0.017015033465438575,0.026337975854202427,0.02895744322177216,0.05946189541760175,0.05444768853824397,0.027540146441618184,0.04170522143684186,0.04505079297874161,0.03261915230693742,0.03897012172178704,0.03829826970956298
Indian,0.023443145739071733,0.023274112686294608,0.026001164832842143,0.021439917967518728,0.02514895585389991,0.04911932699912632,0.049220898199899075,0.045329658593390255,0.04609555526507883,0.048749165803206124,0.004822089309263002,0.00599678461931036,0.006210166869300154,0.004027740524715032,0.004425491528884048,0.007121162927606651,0.009883307772162968,0.01962249561394813,0.035325661993239985,0.0333066890055973,0.020584685233109436,0.11427573456214098,0.09851268200266802,0.07608220450719683,0.1020649763976024,0.09991622519292742
Irish,0.009391205506514838,0.008907447138996119,0.009647405821279695,0.007804364022137427,0.009368496290849255,0.1279030986715493,0.09214594556513776,0.10323590260426534,0.12217929834860068,0.11184826362137028,0.002939374882889549,0.004062564997478503,0.004698616508671462,0.0025064870316617856,0.0026695340194187707,0.013103095285371097,0.01532987069727372,0.032128202915314305,0.07136182698389736,0.06470361915000378,0.024942420665390555,0.03587117249145358,0.0392247488584395,0.02630351991941399,0.028231863231867684,0.029491654770754477
Mixed,0.018983752068455997,0.019644687856965763,0.021306539885977735,0.01634389204883563,0.018258296462576228,0.08209997580029753,0.06468143826778848,0.07092906475644958,0.0782775794403848,0.0758371759816452,0.03355260529649152,0.02560352805347091,0.023938273227803383,0.020129096057475225,0.0319132844732825,0.02095023974340967,0.03705529233711127,0.02749645090386763,0.05344948564199092,0.05351497794318712,0.03025951230989976,0.03876843460253704,0.03793500613230327,0.02973190162886326,0.035195927377173704,0.03414358170175589
Other ethnic group,0.03153826613834945,0.036689104178822304,0.035619453276002196,0.02904380422743943,0.0325550550757683,0.05350162438804588,0.05394187893145954,0.04757499945394218,0.04927950169349571,0.056921489079439815,0.038015394759703086,0.03457022427208024,0.030202840585092677,0.0242754207322061,0.03600027117238292,0.02125968197565799,0.03789253211069844,0.02573657819824383,0.04605821775193753,0.04456318240444497,0.03000094192163844,0.0423545970700882,0.04293509895119019,0.03487912569132563,0.04277577723969117,0.041814938720853456
Pakistani,0.022777906783805767,0.022538213172375286,0.025085107323427138,0.020335561186937943,0.023863553180598816,0.05298196972873795,0.05355376259924196,0.04862820663910326,0.050203049291026224,0.052911181422532066,0.0049437096027659735,0.006178543513149308,0.006388569260439894,0.004076125228041885,0.004463030873230855,0.00755481857053311,0.010242208545680346,0.020939495708541426,0.03817702136858474,0.036195340032832354,0.021385092265517335,0.09751657440500797,0.10441116041974367,0.07298114774048894,0.09666820478658307,0.09500044635107173
Prefer not to answer,0.013272665524312183,0.013049146815125635,0.014350442323649997,0.011823266319625499,0.013648776440718793,0.10501746748400097,0.07927727791811007,0.08943953246138249,0.09688075439113125,0.09180180623140173,0.019256276494432636,0.016474655415845703,0.01634240356935232,0.012521141430310957,0.018376159284800287,0.017368324064104282,0.02677813646338277,0.02819911134194307,0.062234455731703095,0.05540654751317534,0.02383862313503911,0.038379622836144586,0.040742592215345715,0.02871953883008198,0.03320211174856393,0.033599164016315755
White,0.010227906349671394,0.009920043316657058,0.010848047693707355,0.008685672552617518,0.010285058100044434,0.12519720670660803,0.09250757857047087,0.10435404814033608,0.11629066193365556,0.108133399113959,0.0038479826875894873,0.0053879358041319615,0.005698992186196551,0.00317514099939583,0.003473944838111287,0.012740151563473573,0.015853693576518814,0.0312252235701019,0.07022557082779049,0.06313618334649504,0.024903232344459337,0.03671498996581979,0.040072692425163925,0.027124339464380073,0.029619709997680176,0.03035059392496439
White and Asian,0.026340086610810536,0.02476870563299563,0.029658126246187185,0.024948005771741073,0.028284886824636868,0.08492335574581517,0.06820907187214818,0.07430700278728555,0.0788228664288536,0.07584632149035964,0.005304791176496387,0.006532749446460022,0.006623109720386149,0.0040865213752301404,0.004855385295213401,0.010122090095143772,0.013419083825584254,0.025162567691142914,0.05162771548575564,0.04679502161703707,0.02328109174385104,0.060572801292382454,0.06020694936663471,0.04744204292392793,0.059794327350554254,0.05806532218336633
White and Black African,0.009623589839411854,0.009200684583683387,0.010314420105979244,0.00858682956062098,0.010077963764110742,0.07019542990257348,0.05515337621834977,0.0601864795101359,0.06512287225495564,0.06390782956323152,0.0706442664348293,0.05773775058783276,0.05199885104175307,0.043454813942254165,0.06646518618791848,0.034667580233127986,0.06517889463042914,0.021226915293752265,0.0507435288361797,0.04312721581654004,0.01750254540269039,0.025099150747655872,0.02653910284419276,0.0189217246674851,0.02210094859531647,0.022222049434989993
White and Black Caribbean,0.008653756785447867,0.008225085254102317,0.00916242776235363,0.007558928562699781,0.008761210547424219,0.07697544819215418,0.05628980144494522,0.06411694659763348,0.07025491008331143,0.06711553086783366,0.0704358596510489,0.047462184055827215,0.04855494215231674,0.043056772547558075,0.06731838562611796,0.034507444838324984,0.06701502305642357,0.021226144808771306,0.05061113900732098,0.0435441368857883,0.018601157270329807,0.02459401088993157,0.026026099501027647,0.01843628437932346,0.020424766577310127,0.02107160265467368
