centre,CHB,JPT,CHS,CDX,KHV,CEU,TSI,FIN,GBR,IBS,YRI,LWK,GWD,MSL,ESN,ASW,ACB,MXL,PUR,CLM,PEL,GIH,PJL,BEB,STU,ITU
Barts,0.009871687868242263,0.009458436685931385,0.010270924406137154,0.008290002334356847,0.009958170197272383,0.12716566025629017,0.09281017526784237,0.1066524070321259,0.11677883517089283,0.10927166982905687,0.0033993048303378065,0.004669411617039654,0.005310819664784603,0.0028356573436621453,0.0030794557372553996,0.01285953702075325,0.015622275887880276,0.031329048448664784,0.07045237287854188,0.06277997022563886,0.024675107649531593,0.0364963283521767,0.03946094638890084,0.026718944118267092,0.029301828036618918,0.030481022751798693
Birmingham,0.009484875241444223,0.009054726588657717,0.009851536419970911,0.007968526339285726,0.009558823864761336,0.1295277830492235,0.09254093420792242,0.10895443626170905,0.11895387852479511,0.1094560890246785,0.0031945066857765863,0.0043811828933323724,0.005047373299512827,0.0026858644202742555,0.0028990754613857197,0.012888309002154326,0.015857911236148246,0.031204339259368725,0.07025371503166807,0.06250489237672427,0.02450449931023782,0.035811898089152104,0.03885512478533367,0.02624367162547424,0.028679209411419902,0.029636817589589227
Bristol,0.009521775899584915,0.009095369903545964,0.009836303417554775,0.007988074931399376,0.00959349144412702,0.12933664030713177,0.09245654101761894,0.1085540933723054,0.11925833400668653,0.10962300297912436,0.003234571346003425,0.0043989711822800485,0.005104733979362995,0.0027243930807840907,0.0029371782237609897,0.01291761800933459,0.015773645436908134,0.031169340662128762,0.07031827342368056,0.06253657083622385,0.02445409433172874,0.03582212281628044,0.0387941878547419,0.026265654411294033,0.02863472445521996,0.02965029267118596
Bury,0.009455199528791862,0.009050324674633908,0.009815795783544254,0.007938026923652308,0.009547228700623822,0.13069950966851945,0.09228485918954218,0.10877888560679255,0.11918539691780074,0.1094316271885494,0.003189063475335058,0.0043279140725828455,0.005070947421284524,0.0026727268489885885,0.0028781812047182966,0.013009721434299083,0.015783382148071116,0.03127350990987735,0.0699981793146873,0.06246891801688901,0.024451599986103915,0.035677632790955656,0.03872690864088568,0.026163699793764265,0.028583894696306116,0.02953686606280118
Cardiff,0.009500294200775675,0.009081817418593839,0.009850683649557554,0.007957695247107049,0.00959425377961255,0.1289974927378329,0.09251858854184299,0.10670650888768915,0.11943691104652429,0.11044626570363845,0.003165291465176633,0.0043377800578209055,0.005054712000209162,0.0026743721270327853,0.002902734994623374,0.012786010140552764,0.015715871975854556,0.03138466614431703,0.07072060221561355,0.06305498855087703,0.024602996625964733,0.03592373952284886,0.0389278659064501,0.02633748709549788,0.02856379919884701,0.029756570765138525
Croydon,0.009637348215080674,0.009210114113394511,0.009998884924578932,0.008105002109386961,0.009728005464161619,0.12849251501188924,0.09246277008378602,0.1080825383369814,0.11828299280969373,0.10943870981429273,0.003301999574974003,0.004512665381774485,0.005194222443997653,0.002776555844160552,0.003003841848215184,0.012880782118432145,0.01573094523038879,0.031246749961251673,0.07043032888313853,0.062415586361369534,0.0246014538202908,0.03608161335397148,0.03905993678794689,0.026400524729817944,0.0289381734384803,0.029985739338545137
Edinburgh,0.009403774280930673,0.008944743650145833,0.009764403290623268,0.007943433502610918,0.00950169916656808,0.12968004169340563,0.09226746648114678,0.10671342767704023,0.12112767735624448,0.110107361348315,0.003098124824976135,0.004255141164826855,0.0049117678902117,0.0025990673560400087,0.0028104999890368673,0.013038858418433417,0.015578734073346858,0.031413500386429656,0.07031877227720512,0.06301016888860406,0.0245697129362004,0.035844963656911435,0.03888402558212716,0.026198454412104957,0.028443196171073572,0.029570983525443024
Glasgow,0.009395444991837074,0.008952032664888478,0.009744307550456945,0.007889216791650638,0.00944793179371787,0.12919124243867053,0.0922527215242091,0.1058670196526495,0.12149185804877351,0.11070548565187714,0.003054949738709208,0.00423661917895414,0.0048564782028230336,0.002584345310420427,0.0027665453647271253,0.013119314565358997,0.015534486067879896,0.03159734174973383,0.0704813852376784,0.06329815705579495,0.02464102509789294,0.035875433658689455,0.03895603499198296,0.02618203109373077,0.028331997378311654,0.029546594198581213
Hounslow,0.009645945310976171,0.009209492501815979,0.010025193446282468,0.008126708246860414,0.009732261625976324,0.12829447837543284,0.09251164791541361,0.10801115296511933,0.11815551222670821,0.10938236152451433,0.00329832459574292,0.004509261012494916,0.005225343465167216,0.002780603929277572,0.003003006245167107,0.012878434882258176,0.01573163393210921,0.03126188519017837,0.07022929986274966,0.06266488477231963,0.02457626885418158,0.03613473260594787,0.03910475752623393,0.02646986431566068,0.029018058601162296,0.030018886070250595
Leeds,0.009485211972270568,0.009061802946007396,0.009844983930176627,0.007979587857311139,0.009579123162417274,0.13034120325347973,0.09235879063970723,0.10939113935578648,0.11878461565174805,0.10934403592152507,0.0031942740372656146,0.004356473756835235,0.005083528937048233,0.0026935481491394426,0.0029033634684298777,0.01297146745891723,0.015823387618468177,0.03117621288961376,0.07006537704318147,0.06240371152681576,0.024459630428473773,0.03571019824518433,0.03863853398439299,0.026170287788525082,0.02864763845880145,0.029531871518478317
Liverpool,0.00951599992836404,0.009055161149486833,0.009861095667887319,0.007978613390980691,0.009557190774441685,0.1294733814951088,0.09237372218978286,0.10736217843227801,0.11971727858073174,0.11004703521179413,0.0031815576311739666,0.0043099279730448884,0.005020392898206269,0.0026758469204274807,0.002897305086183218,0.012967433022992119,0.015691412019965444,0.03140621785783582,0.07031122088260883,0.06298518252259598,0.024582482462062263,0.03587546636080471,0.038873232555076936,0.026235569337268384,0.028484737183676206,0.02956035846522122
Manchester,0.009551189167982728,0.009162180129334794,0.009905548184725945,0.008024612573008872,0.009613173596042768,0.12941732051493823,0.09253243395099528,0.1080433341361505,0.11881972183710036,0.10933810229950303,0.0032356412759616867,0.00442882516964026,0.005124330253678456,0.0027098440910552778,0.0029259463896082905,0.012856637801483129,0.015724774290922644,0.031307322300363434,0.07022902306808236,0.06259444622319975,0.024537821309347927,0.03595908658808681,0.03898454695188313,0.026369277233077717,0.02878677875315963,0.029818081910667038
Middlesborough,0.0094614172658538,0.009017052777344537,0.009774830108909456,0.00791307339479736,0.009500277648330816,0.13013917652375342,0.09217617278784777,0.10888090222059807,0.11944348256228092,0.10967403981913686,0.003156571615002852,0.004310297391605558,0.0050066684168476394,0.0026452802066936325,0.0028567423530026373,0.012974126026087274,0.015656137497150908,0.031242784606106765,0.07035221754234697,0.06262020026920355,0.02448689396290813,0.03577062456862352,0.03877568447058069,0.02615294467524212,0.028484839618434295,0.029527561671307868
Newcastle,0.009429020656442773,0.009010308741534023,0.009750828193244012,0.007916215559223436,0.009491401672278273,0.1300058812737114,0.0922403080625414,0.10860287552813927,0.11979656031546086,0.10972833445927042,0.0031352067742458647,0.004284599303549627,0.004974756364752183,0.0026338627337719202,0.0028427058269617036,0.012950549975257247,0.015640385300782312,0.03127946924283951,0.07022669635318111,0.06268375926563137,0.024536140802444022,0.035792047093188305,0.03881362859152857,0.026153815241016714,0.028497172812375335,0.029583469856626722
Nottingham,0.009507724067643874,0.009096682218880303,0.009837248968308251,0.007972588505933114,0.0095843729469711,0.12994576730843208,0.09246936096893921,0.10978610783319377,0.11868800422272825,0.1092796731803087,0.0032050315377641875,0.004360861738631352,0.005060692457065559,0.002699036469216789,0.0029062560861931003,0.012893008406375034,0.01579326592237811,0.03110021291193207,0.07013572251869904,0.06238913778606789,0.02447721656841505,0.035711466468962276,0.038700171091836606,0.026196967969784563,0.02857470452426326,0.02962871732107489
Oxford,0.009557498228143174,0.00912913024427831,0.009898184385454117,0.007992131632621668,0.009636137881459126,0.12914091593386148,0.0924983478385042,0.10882238581010588,0.11869510192779273,0.10954354467628723,0.0032144683328959515,0.0044187728290674645,0.005121675416246618,0.0027130803169160955,0.002924636498454953,0.012884761154674875,0.015724824143280483,0.03121657564207445,0.07034406925550046,0.06257459472204134,0.024509582125075622,0.03586881725985343,0.03884761737885285,0.02630181350002606,0.0286931763634885,0.029728156503041607
Reading,0.00956108960051596,0.009145958734235153,0.009923433639232834,0.00803998966722687,0.009623461952748592,0.1291652427363306,0.09254974499792208,0.10874933289149444,0.11879470040738867,0.10953472683742596,0.0032226022924324214,0.004417135151580009,0.005117503969328789,0.0027189051168852512,0.002924673358501337,0.012930725179478658,0.015749359621914302,0.031185376167618472,0.07027681688481131,0.06237460935695293,0.024460777222390404,0.0358651211359016,0.038899046987881596,0.026295087469366322,0.028743893119620886,0.029730685500815087
Sheffield,0.009431884803366338,0.009072877165284977,0.009791473345711088,0.007965166969641203,0.009540526247708474,0.13062883827262597,0.09242763755537883,0.10968056281425331,0.1189730140684376,0.10924364060960107,0.003189521789847196,0.004330582441641556,0.00506054843371419,0.0026946127707319785,0.0028895671598365884,0.012984028654634288,0.01583969306745516,0.031060290198285198,0.07004319814022218,0.06229873149634184,0.024445134695842505,0.035626397027072314,0.038584951298967655,0.02611478670344334,0.02858638570349265,0.02949594856645846
Stockport (pilot),0.009460628155436543,0.00909410081274152,0.009806249217380198,0.007941611478215468,0.009603615315004943,0.12927763353640684,0.09175743125171305,0.10763248355774413,0.11780308994712053,0.10936078302536942,0.0031969560758318577,0.004497055086216247,0.005097633000233562,0.0026757429751307917,0.0028766801124030152,0.01265942900789077,0.015667947082608956,0.03156015814649227,0.07079430905937296,0.06266483661820332,0.0245918232113781,0.03660951334403444,0.03919811677169773,0.026693378578468534,0.029366555004423932,0.030112239628480576
Stoke,0.009457177027868486,0.009041852718029503,0.009819687002012004,0.007890593172343623,0.009533156979324772,0.13062731018072832,0.09211613292716384,0.10963027832563245,0.11935636653287683,0.10935687180441282,0.0031813715526292706,0.004341031503712229,0.0050154899496639245,0.0026916743359980426,0.002886817733634935,0.01299911626532266,0.015843473174221148,0.031202860196550188,0.06998661736137578,0.06233093344377916,0.02435266019358397,0.03570536252559329,0.03867389087384783,0.026130040217476714,0.028395401533311788,0.02943383246890611
Swansea,0.009541195458712093,0.008981814653936266,0.00986241843629065,0.008041365750142514,0.009641968235224398,0.128460738544506,0.09281145835737864,0.10591040827017129,0.11941441852513612,0.11069473392586993,0.0031327620848567756,0.004342258238141155,0.004987899995583739,0.002629684635217367,0.0028567705253740405,0.012814935860954774,0.015572393778836312,0.03151115801675829,0.07060232992213658,0.06344414179341858,0.024716656881716512,0.03611790094368572,0.03916894063958697,0.026404774023075468,0.028546041637328386,0.02979083086596256
Wrexham,0.00948285172605828,0.00909323960837659,0.00982654440964377,0.008077149947462748,0.0095958256762439,0.1285384785539115,0.09241361115291234,0.10741161314781175,0.11966709809180757,0.11063894867111146,0.0031009794169374995,0.004356611730639951,0.0049819714847315205,0.0026304242581327067,0.0028124479446604914,0.012801831751016034,0.01568081783298812,0.03134572397795704,0.07024873388893994,0.06249684034523031,0.024618268257369975,0.03671604924175384,0.0390374533760115,0.026258674866978506,0.028515020691629037,0.029652789949683202
