,ACB,ASW,BEB,CDX,CEU,CHB,CHS,CLM,ESN,FIN,GBR,GIH,GWD,IBS,ITU,JPT,KHV,LWK,MSL,MXL,PEL,PJL,PUR,STU,TSI,YRI,individual,population,region
0,0.019635430622383442,0.008597012800796446,0.02349093262966445,0.005522592002221753,0.11129155914884901,0.013277983118545307,0.007186282573159163,0.07453277974029775,0.001085668972220137,0.08495688643330626,0.13570977755801852,0.02893232820434068,0.003621297325850508,0.1281000565591166,0.024229006696887455,0.007544351398801882,0.011487696703519904,0.00298121906120955,0.0008841590385094619,0.025507268457549692,0.03678368454594943,0.03613658956054118,0.09041109272105004,0.02139528471705495,0.09589188748217424,0.0008071719279886995,HG00096,GBR,EUR
1,0.011557516041720955,0.01808916381044906,0.03110542568079361,0.006441554303980385,0.1372851124873271,0.005652685344351452,0.006437400568222461,0.06249375185952222,0.0011227436426026064,0.08772115903505726,0.14788897704882223,0.027574655974224645,0.0016666537417572883,0.1020877474690436,0.026395940266247673,0.007568901990960301,0.006744704216127729,0.006086662924290782,0.00237700004937822,0.0393954974941397,0.016068803884774458,0.03446577343546249,0.07427232906964876,0.032388385303452095,0.10462113506923575,0.00249031928840908,HG00096,GBR,EUR
2,0.02346830607803783,0.017265126595102036,0.021857629653663748,0.004305413021226219,0.15993621672230676,0.006003396325566601,0.0038801100980233147,0.04931605167060737,0.0008298260779890296,0.10227398104681985,0.1650071557243768,0.025863318050658227,0.001794788733847989,0.11279970584661769,0.01704128404154242,0.0040999301822193645,0.006126306894568715,0.0016743252112551565,0.0005139849421230613,0.062195684527563216,0.02066081420164287,0.028390834125133827,0.06659149346514254,0.01354106224294949,0.08363130225267332,0.0009319522683427029,HG00097,GBR,EUR
3,0.012520101943822826,0.03738653760611261,0.03755211027460885,0.00541476770566201,0.18227376061428205,0.006815390388668989,0.004895418810006707,0.06251650013183896,0.001025214651398501,0.11162952656428812,0.11459391657233288,0.027767539850700934,0.004411715507335908,0.1027089812621584,0.019100031878575036,0.005684520107592131,0.005694733407030923,0.002303761350342836,0.0015590918304664795,0.03955181468888968,0.020671847906531142,0.02968156019975491,0.06096855419670508,0.016431540867868983,0.0855712881929351,0.0012697734900857945,HG00097,GBR,EUR
4,0.016603956231486264,0.010878317242970796,0.014485145541780974,0.0036776646419065394,0.12691008073298576,0.004709822232912045,0.004647652178556053,0.06697473206016892,0.002638073290730908,0.10450682105750389,0.1660361895097529,0.025128509376888368,0.0025910885733124067,0.12240954544738424,0.023525458693746483,0.003987859681191429,0.005597137266932469,0.002983586833150082,0.001723199377798853,0.022323090830261037,0.013062359996903628,0.03638684852278524,0.0857931501291738,0.02813770143783509,0.10212584456671668,0.0021561645451675616,HG00099,GBR,EUR
5,0.012233898784966942,0.009933960259133788,0.022251811364265333,0.0053230938854494664,0.12602218314717892,0.006736841435144486,0.005492483655098616,0.07156872906155243,0.0010865696155078223,0.11634323353853722,0.15440338170371634,0.02621383749224854,0.010657226195729836,0.1368857272287424,0.027673641176257768,0.005142336420970809,0.005452498261789707,0.0020912434345062153,0.0008651930482756152,0.023488335223757276,0.02220686918016985,0.027119245462327708,0.08023863755213845,0.021132007277824428,0.07819832384798639,0.001238691746717558,HG00099,GBR,EUR
6,0.010579574293593887,0.02079997269359241,0.023914705549544325,0.0036933655462836573,0.1044880169937964,0.004437153386326489,0.004041028470266588,0.05239413128475984,0.0010648238071522497,0.07854614757643646,0.3146120689826651,0.025704090208331434,0.002130779897293809,0.07601564024509935,0.0151649575413864,0.00529646018105421,0.004522227939001721,0.002500706564611754,0.0018408998202173613,0.03793496670421106,0.019167880782108546,0.01716545806943311,0.069958103788187,0.016894877629935242,0.08619688639580118,0.0009350756489151296,HG00100,GBR,EUR
7,0.02480388045620929,0.008218201577950517,0.02052519469497002,0.005135234585237321,0.09281298400726926,0.005764228485696302,0.007801857855644642,0.04715638541760618,0.0008912282614723853,0.08912550951960176,0.3146036499457721,0.01972954490903252,0.0020609972539564897,0.10010682503426059,0.012443343795264352,0.003293863602078772,0.004384011061820181,0.0021564873978529944,0.0011929006361827688,0.033608204940237,0.013660345847266003,0.02394686140602662,0.060097994724233945,0.014836074873671235,0.08989061105536321,0.0017535786553264953,HG00100,GBR,EUR
8,0.023632932277734407,0.004321105219222495,0.019636686959779746,0.00399696275884947,0.1030439695351396,0.005259966248359632,0.0037933387573774006,0.0474502551494941,0.0009457056385135386,0.12560908267611234,0.3589660517660789,0.019235468011806235,0.0019330757335155966,0.06929831215056537,0.014759693456125727,0.005123801877243776,0.005158546819703729,0.001609230005822913,0.0010514668938823501,0.0345987903576519,0.01650072776134923,0.023925795160914892,0.03482944824024853,0.010361358863115266,0.06401425627875627,0.0009439714026416764,HG00101,GBR,EUR
9,0.02276185855223933,0.01292576597698611,0.018096261279453265,0.006347817917601754,0.12559350841588268,0.00964137461910805,0.006014155557588157,0.06837209365620076,0.0009150154725386222,0.10941650979298605,0.18866435042996724,0.019674186427991208,0.001466025252931569,0.08221746979072404,0.014023588465520273,0.007150813942920191,0.005086374937875357,0.002408958025347976,0.0009162299063259961,0.036548064208811855,0.03475103503790634,0.02917385937445186,0.0796898458520856,0.016181217461468823,0.10126079292893361,0.0007028267161551036,HG00101,GBR,EUR
10,0.017715535577858415,0.01155598648727229,0.015618394657001518,0.003784658270872509,0.1465292976161209,0.005448445928633261,0.005954774065683977,0.05940603884908002,0.0014081420374657606,0.08536281049051266,0.16194947878937985,0.02921659971706434,0.002671725516241783,0.14164547090816418,0.026667894641846622,0.00553220385890334,0.0052806857979655255,0.00273741088762206,0.0010783767988188314,0.0225810589333152,0.021273424896901587,0.030591734723483924,0.08885693787661592,0.023947772352909975,0.08129121038709786,0.0018939299331767428,HG00102,GBR,EUR
11,0.017559181782060784,0.012196149146205511,0.019960912936540284,0.00717985454536892,0.17659418865046836,0.005598021519234961,0.007075452316151011,0.04239490441163784,0.00145069488173561,0.10404631417961556,0.17686456274193207,0.029648634423040495,0.0031778383809863845,0.1130995956369436,0.01933373048308009,0.005443293239187957,0.005323612140782346,0.0027274940023943334,0.0011388840602722591,0.02660931355697144,0.01946928262224937,0.03613772178275433,0.0602696739409995,0.02953588942653679,0.07515000964522019,0.0020147895476295015,HG00102,GBR,EUR
12,0.019203660223747403,0.01664795536469418,0.012977717715829997,0.005610740969750124,0.11444839346918928,0.006493015929912888,0.007641220136947393,0.0494848380194044,0.0010473939958104686,0.10305739483979917,0.31301126230257165,0.024511127041085275,0.0031741985959079003,0.07914867329487853,0.016315225271271046,0.004703218507362528,0.005755090670983101,0.0015740165537502465,0.0006978694434458904,0.030390531341726743,0.014977879393423356,0.02966371356197495,0.04220987754338762,0.01748006126499475,0.07744764636221653,0.0023272781859351092,HG00103,GBR,EUR
13,0.015605472858256869,0.009414158377658837,0.020174256111454673,0.006836972253445861,0.1447709418530152,0.006000590033287785,0.0047279658049442196,0.06109521615607526,0.001399255781922935,0.09056484422921976,0.1550528102469045,0.043814916057986215,0.0017332414962949946,0.11354302848559669,0.02223018335592682,0.004339193353185345,0.008400380219912788,0.002832535399609752,0.0012116176708736246,0.032992131321939164,0.015060289118335991,0.033265407348088166,0.07524610312931791,0.018597774860861227,0.10930103688649995,0.0017896775893772336,HG00103,GBR,EUR
14,0.014707094694854421,0.012657603787923116,0.02254763701910866,0.00660385045762458,0.11375826355335067,0.007735745948245455,0.005127334681034012,0.06765434860001016,0.0009584095120617039,0.11341709188491046,0.11626924401879601,0.03010268136326308,0.004006873587452291,0.14062410694712354,0.022269704961498174,0.008598276505225516,0.008950860035705218,0.0026415468453300987,0.005560420222553887,0.02893911284333516,0.02870660710195347,0.028856801233720124,0.06692513003884469,0.02350066113408178,0.11689005540688543,0.001990537615118053,HG00105,GBR,EUR
15,0.01307396130608633,0.008754099641567887,0.024042980184475336,0.007920242379852897,0.1359986716657598,0.007574209843196296,0.006921922132291203,0.04931033610393635,0.004194995396038582,0.12147252634480918,0.1287292947650157,0.04177279614210643,0.007556795040982542,0.09755805064853117,0.024906583312396893,0.006796118830313929,0.008221348830103397,0.002520965026307263,0.0029928445260383606,0.04370677778378512,0.0200231338506133,0.0362922740391392,0.06943519495253751,0.025399713553983485,0.09879351877062922,0.006030644929501593,HG00105,GBR,EUR
16,0.04391468793189399,0.008580064928448242,0.026304465665566067,0.003601972612614793,0.18622722357408686,0.0046391987586450745,0.004513739940092886,0.05142032562860437,0.0018689918281274392,0.102971813287422,0.17001144385504985,0.026943001528152277,0.022873922528830207,0.09375214751464091,0.015311139042296957,0.004797383229318781,0.005062831458272484,0.0026725104955887193,0.0016067727563001046,0.02180704520643908,0.025512797397044904,0.027015334290892055,0.057429165188111045,0.01749858620137626,0.07210197040014191,0.0015614647520335958,HG00106,GBR,EUR
17,0.01150126429506959,0.009106901380244212,0.023025521903104466,0.00555782440365675,0.12749085139062963,0.007123207659187433,0.005225837744842954,0.04486283147543778,0.0013273400162948003,0.08637433138784555,0.2538364144327924,0.022862980617152397,0.0036528633883940987,0.10818854704555465,0.022179820157991408,0.0036531272077054465,0.0066780571208240975,0.003318307849664139,0.0019434587898154985,0.03311040098523238,0.01657174184486435,0.03967015153641251,0.045279379102667855,0.020782626796898806,0.094040353018595,0.002635858449123021,HG00106,GBR,EUR
18,0.019710142603337744,0.011143898654963647,0.02392467637487326,0.005988004364847344,0.1231041163410054,0.005266588119823148,0.006230151463012025,0.05488538549212746,0.0018838841252149055,0.10376094306342343,0.1817560815915502,0.029408473184422964,0.00358924989552668,0.1404981052194507,0.025308284051193418,0.003997689201219603,0.005318887469949481,0.005334658627465727,0.00228159770053843,0.03385822543217859,0.016474294758142792,0.028095076485933058,0.07188625575524281,0.019909897523959667,0.07401801752075712,0.0023674149798373345,HG00107,GBR,EUR
19,0.01324907441032485,0.008549386175873643,0.016149213618697002,0.003941769409853844,0.12068803551551271,0.005611436075975761,0.006186071335226707,0.06774904303172623,0.0007764485912151722,0.09511202616547833,0.17036418589297322,0.03256295051843756,0.003065651593021992,0.12392934353615531,0.029243609158119105,0.005214667826878123,0.004806806095387948,0.002435833042044608,0.004173197172604162,0.035137169294845116,0.018248965936624197,0.030987768289970397,0.05400298964676546,0.028545568975117567,0.1180136659460941,0.0012551227450722988,HG00107,GBR,EUR
20,0.008866547423342898,0.009666387790394705,0.020069100418646735,0.004046033870614806,0.12803405876963675,0.010421321958760164,0.006495543043463448,0.06250504932527706,0.0016156397925603137,0.11069607739360297,0.18708851286621067,0.030192030568322297,0.002843015776172653,0.10903763116602871,0.02028264060704261,0.005069807759379794,0.004832391553707352,0.0030357102844848593,0.002150809864450262,0.021087643182695348,0.02131838976720632,0.03652174445158881,0.07190718227488391,0.015112181221961766,0.10545639132658984,0.0016481575429714138,HG00108,GBR,EUR
21,0.01076807711222876,0.006475501477301674,0.022020632174803764,0.006643767564372613,0.11449477625088168,0.0056340709917368685,0.005612976120169707,0.044131357679437294,0.0008864649575219694,0.10222633243497284,0.31818523549122096,0.02230437550763832,0.003133144339602657,0.08919918707021224,0.0195393818767533,0.004251730987241413,0.004091806951601061,0.0015846002612211743,0.0008935729566687508,0.027219632516444603,0.015085485141378224,0.027120152030671977,0.06467623479665402,0.019799016864083196,0.06305868113078668,0.000963805314380035,HG00108,GBR,EUR
22,0.015455720962772573,0.009148377388813123,0.02850187026927185,0.005284961684762946,0.17329895268793613,0.008149654282732878,0.006077693624933413,0.054656988517519906,0.0009818965546650182,0.08473785810589042,0.16064514596417817,0.025179330836515024,0.002137109949804247,0.09159989337769173,0.023066283859272535,0.004189417178385784,0.005409885550614441,0.0022358377889137725,0.0012238239366462904,0.024717214175041632,0.022903951695163082,0.023173219969987856,0.0831021385335899,0.021854224853626193,0.1206556791499283,0.0016128691013382673,HG00109,GBR,EUR
23,0.016664257002480275,0.00565510816880992,0.017180175027395387,0.005414605957812463,0.14899156984830186,0.007362657650183417,0.006235232874711489,0.06078550658400167,0.0012730795634897517,0.09640707149836737,0.19958912480818186,0.030793317126062612,0.0024940162702946837,0.09727087352666959,0.021843797028814796,0.006712687569796663,0.006134598079218316,0.0032481971311999376,0.0012054579076773058,0.022499058897067666,0.021792930369575067,0.03354301457723244,0.07235159032779469,0.02249996368656047,0.0903578749391349,0.0016942335791659702,HG00109,GBR,EUR
24,0.014374735437170194,0.012109281052205316,0.01972257805257838,0.0059335165032494705,0.14243303757792072,0.007219392034939158,0.00547200873983415,0.06369522937027502,0.001375009309692783,0.11659697510167844,0.1329181527332807,0.035347555591506534,0.0023860612735828748,0.12751621004175556,0.020728933777715997,0.0073607627093034604,0.005277774587323913,0.003418629966220424,0.0013996050801337455,0.02257040264701256,0.028116491542059474,0.0336357839875333,0.0795841616672127,0.02033833006408684,0.08883890784874103,0.0016304733029830713,HG00110,GBR,EUR
25,0.010713125881478866,0.022589659554709953,0.030519255886282376,0.005585746778614499,0.12375831121340042,0.008285025873525382,0.004931786373086345,0.06940605061251466,0.0011450047525900947,0.08963687679355911,0.18527530031895628,0.03275245052762809,0.002261279163133473,0.09804390432122806,0.03113602617055982,0.006987486479215317,0.006514873160569296,0.0018793636620901724,0.0015258742705141334,0.0185138714275446,0.022667759377673912,0.03722256919884381,0.07363642949089519,0.023463743012772056,0.0901131495862233,0.0014350761123887782,HG00110,GBR,EUR
26,0.01573314498142163,0.010369742746591125,0.01974309997779974,0.003871232407952764,0.145705901250383,0.0042436903435560695,0.003794137257965027,0.062479880721380165,0.0013969100428660756,0.10487932083423442,0.23427783891457146,0.023631027939429197,0.00280100597165853,0.11347270880683823,0.018721934445270295,0.004415489836685383,0.006091428795378642,0.0026449215610129056,0.0012354306557364825,0.025354121235140477,0.012802937281039248,0.03161501716356845,0.04815154830947298,0.017995103720017266,0.08362491410264954,0.0009475106973811891,HG00111,GBR,EUR
27,0.015241880542858265,0.00631844556419712,0.01705241008570368,0.0064594566599989744,0.12077102460203284,0.006475109008397117,0.006844341518941603,0.05621494391863031,0.0014222250296484448,0.10600802370193348,0.20320939710827993,0.03319793881273847,0.0029778803739804642,0.11400500474766727,0.022592270302511184,0.006754363700949844,0.007524844232690727,0.0033867596411795626,0.001227299717738892,0.023007278728315796,0.015731943152499105,0.04044312863502127,0.06012914916414261,0.022444091072383602,0.09951345694488983,0.0010473330326694862,HG00111,GBR,EUR
28,0.011292124406540843,0.01728141471238624,0.021644866900932338,0.00537793751028418,0.10173437049275391,0.006967699500040043,0.006381351030780512,0.04198431370998259,0.0017970127402014864,0.12992292979520895,0.21888489939847808,0.028232031326940157,0.0060822596204052025,0.0995393051742427,0.014692876684275245,0.006300478589380079,0.011250022499323943,0.003742801450490583,0.0017428582023694596,0.026305642756061592,0.01810565718479294,0.034118358002255426,0.07105145787733586,0.01851090432638179,0.09484704195868066,0.0022093841494667302,HG00112,GBR,EUR
29,0.027917733135390133,0.012950085338912835,0.025270007573420555,0.005030697864217619,0.11451190747898661,0.004464419859446243,0.005880351498963557,0.05896504551959516,0.000887413593779076,0.11483971525503746,0.14322563573852057,0.036949526960024195,0.003155193431520882,0.14022023592973337,0.025127145658176614,0.004218660831628266,0.005212015122514332,0.002349987197475357,0.001627950398651827,0.032346573766880236,0.024743554555203832,0.035737077566851114,0.06580153806848697,0.021920344773063163,0.08574229932744167,0.0009048835560843772,HG00112,GBR,EUR
30,0.017138665282689997,0.008487797981109739,0.017859661997961494,0.004678542123152409,0.14104355233739954,0.0051730969084497,0.004987141962329217,0.055980317604555595,0.0012193335439930203,0.10534102907723977,0.22427209836792267,0.035278744302387186,0.00255644085131649,0.0982134802871182,0.018719907315373218,0.005895967059154,0.007818314453362967,0.0029306694066427116,0.0013839337832143074,0.031860986555007326,0.01987699025750833,0.02863425357615894,0.05414519034408957,0.02224177518984384,0.08283584060603752,0.0014262688259660391,HG00113,GBR,EUR
31,0.019829603425645756,0.011115010065857207,0.020278658732376758,0.0030177357340166497,0.13877156992176706,0.004792291565470089,0.004884209664614854,0.06356867060934857,0.0012212231990785184,0.08083484912719835,0.15913175967876786,0.0495012976206636,0.003551623252178401,0.1179740122855481,0.026066273843688346,0.006239134530951454,0.004965890724395677,0.0020963785383591896,0.002900784055770293,0.024903342372792688,0.026941252717695867,0.03043746072875267,0.0711763611188217,0.02100055271426756,0.10366022935433017,0.0011398244176421552,HG00113,GBR,EUR
32,0.020233891359918425,0.017494687961329386,0.020070655213752606,0.0057434080912951895,0.1554274363079114,0.008969795472528724,0.0056971214193484295,0.04199003039000575,0.0022619203451725804,0.08904886536860493,0.19867891622378667,0.02263602745635691,0.004147268129224756,0.11268158442381135,0.020681319244606696,0.006495760650498434,0.005824037892663268,0.004533026871816307,0.0022680291917127476,0.02417364597123368,0.029566064256785717,0.04171475277344485,0.05802616167122655,0.01579381735635245,0.08207911428321676,0.0037626616734021488,HG00114,GBR,EUR
33,0.0061607034099117625,0.018762161219947778,0.018518510334155188,0.004038189752539091,0.17233742390730014,0.006571522708889347,0.005436835783723253,0.04971558020059373,0.0009867264870005808,0.1059854452986464,0.2355548159248877,0.027439761388399125,0.002588197480539164,0.10018834315887055,0.01786665245557817,0.005661034543407294,0.004592545082010472,0.002135425319816836,0.0012126251276673016,0.024675491525996306,0.019292786400182536,0.024853497991208607,0.05445613255899379,0.018924760892306096,0.07089821415476226,0.0011466168926555244,HG00114,GBR,EUR
34,0.014392019116849257,0.019795551005874157,0.0196614187211726,0.00512573964528774,0.14348862694217415,0.0073828667684142715,0.007831402552958716,0.06348987090657422,0.0007644618534037519,0.10348905996779074,0.15815414022924323,0.02536152459120055,0.0027275642094906475,0.12579409056667512,0.02070850060679229,0.00772393746846389,0.005335140533460236,0.003463866020230863,0.0009600196622971659,0.03533434598364278,0.020360720049484575,0.03161229842942924,0.06121908126311727,0.021959696799785287,0.09281659077452795,0.0010474653316641226,HG00115,GBR,EUR
35,0.013419005462491541,0.013582307113380099,0.027748549820618102,0.009188404138940837,0.15207614963627286,0.0066107629372842425,0.006083264818631801,0.049555552877836674,0.0017237931052907496,0.09978212519659158,0.14996280644468266,0.03683445923211961,0.005411215936358458,0.10119287265295354,0.02362900915689916,0.008307602031985077,0.008376744335782844,0.0030527851795826098,0.001576373786906289,0.029207604478849424,0.025144033313675304,0.03369691521049749,0.07484404545473283,0.01744071847751754,0.09853735028734356,0.003015548912770413,HG00115,GBR,EUR
36,0.014758434886035622,0.010302538412056637,0.019049822740757835,0.004005197818966561,0.13722864349819353,0.007229565080629395,0.005329514298134494,0.06625855815713795,0.0006207547312836407,0.12835198991650687,0.17129896181299026,0.034632734681649784,0.003425203883635919,0.10353177809703006,0.016949898653794756,0.005276951909649835,0.003975993791277862,0.003217932740263237,0.0006596041304083531,0.03081503715660441,0.019536423422572478,0.02764734443075623,0.07925444296820244,0.025470170162329064,0.08028468651059843,0.0008878161085441314,HG00116,GBR,EUR
37,0.004066895317581486,0.002614697262501094,0.010820979396246138,0.002491028046494476,0.07104063347612917,0.00555082941715045,0.0027607183140891055,0.035356232207959554,0.000873669256143194,0.07420257702846045,0.531109028966712,0.015143255843017,0.004500425851885043,0.05464365092825361,0.020081181395049923,0.00445236181788306,0.0034459631347857093,0.0018508902212240508,0.000473563916798649,0.021293199146189507,0.020432684640626027,0.018356055486363137,0.03093473445176588,0.009433295567821768,0.05348426590607044,0.0005871830027894947,HG00116,GBR,EUR
38,0.011886118418041696,0.005693994855570365,0.014606430296352885,0.00483882872984835,0.1280340649431639,0.00726925079504135,0.00620178880955992,0.078343609125925,0.0009853132868725308,0.1390142344323105,0.16952728494033634,0.01937782998134834,0.0039057639358129966,0.09919543219700235,0.026240975299256578,0.006496127745407038,0.005608016597518169,0.005618484969872495,0.0018071212170348305,0.02939850508919549,0.014685517132955602,0.04864082251121499,0.07386029726000148,0.018626853559548896,0.079310057221963,0.0008272766488423007,HG00117,GBR,EUR
39,0.006402697335724543,0.014495419967130007,0.019685560081567775,0.006230837581052957,0.09303523685108199,0.006453001397642311,0.006357270699694385,0.06041841592396503,0.0011450687072451576,0.19849977580702155,0.14965959029348638,0.03241386867195602,0.00399828541283782,0.10990221941057883,0.03631074162516046,0.0052764969983358405,0.00750154232016667,0.0023588630801413303,0.0009504753195695993,0.022459354487135017,0.018745299062533985,0.025320370848645416,0.07051224736556082,0.01736026325404614,0.08311653251791712,0.0013905649798092064,HG00117,GBR,EUR
40,0.019450384752978975,0.015267132169549372,0.024493343005177692,0.010436073396798775,0.11619503146745944,0.004688042672021774,0.004484374962664415,0.046489514207639006,0.0006360807356540674,0.1196916413645119,0.19123378964764878,0.027304883070126268,0.0016209350697684783,0.1145352790338689,0.03219462370818862,0.004191565076435404,0.004136394301100188,0.0023595538324227014,0.001136551061188045,0.02896135949406996,0.020715647782752096,0.028083361091964652,0.07983455756519856,0.02149079930591478,0.07854396090507253,0.001825120319822844,HG00118,GBR,EUR
41,0.01580494835716764,0.008332106629372182,0.023785469158784,0.004281107578516816,0.12956872620848564,0.005946381585286883,0.007032300729299274,0.07942487105688348,0.0018421119034757855,0.10826412881185175,0.1268710277438036,0.03101971042484967,0.005003972024349527,0.1050110677100638,0.020222760420222544,0.005928692877165298,0.005813012051446785,0.0026417606670094307,0.002372402180959086,0.029706156361923062,0.023356163415256776,0.028463633214502956,0.07621694219495957,0.019134597008248842,0.13095923666500997,0.002996713021108993,HG00118,GBR,EUR
42,0.010567104928502864,0.0066664971686237985,0.021559771819853284,0.004829392833359749,0.15485274640407393,0.005054330029292638,0.006070140881339287,0.0677896253775933,0.001273003406476754,0.13405679880027196,0.13989547855096413,0.028738867288578954,0.003001433311432571,0.11429146308404492,0.018965732451973076,0.006837376748808688,0.006031247798925313,0.0027427934805282096,0.0011712065288575707,0.023448905478666633,0.02341840597085422,0.04277911346513053,0.06392711311557356,0.029696167311600238,0.08088990021775412,0.0014453835469208911,HG00119,GBR,EUR
43,0.016994244605665867,0.014562478366720605,0.027363625366977028,0.007025826868844169,0.12925006903094935,0.012887921252336298,0.009045140943517065,0.06523529232680161,0.0012405493385946754,0.1386148111350946,0.12047801179477326,0.022893098218317136,0.0051674249236073515,0.11145745903566032,0.01965823062937227,0.009586604974815265,0.006027718692665925,0.0034924366390507297,0.0011131648093722748,0.026098337067871697,0.019479562194212253,0.033143087924621534,0.07182643735999471,0.016414391940431334,0.10976561356937165,0.0011784609903636005,HG00119,GBR,EUR
44,0.013418874652516094,0.006042651433702944,0.02520757706849084,0.00524688533052345,0.12347312815375197,0.0071523546497803325,0.005204372251449623,0.05393150951458756,0.0011400535756148388,0.09885612843339195,0.24804844777383103,0.02404713724312123,0.0020230602493952476,0.07849170957703003,0.026603179567685646,0.005635122755895591,0.00569742672908682,0.0017901474293934374,0.000989498712397404,0.021850940712619123,0.0204673389361169,0.0426665128808621,0.04482062687419774,0.025672304682087574,0.10873555994519173,0.002787450867277335,HG00120,GBR,EUR
45,0.003469450004349225,0.0042311547898801,0.016034930676676107,0.0028460707294622944,0.07608426175508481,0.004876941578478164,0.003435981966515722,0.028312178958397893,0.00046462758945692344,0.04788432564226778,0.5530404099644318,0.01710222291948191,0.0016506243377427245,0.06236799936623489,0.014221068590793065,0.003632824379299831,0.004375441742646712,0.0010590533214241307,0.0004948152669699268,0.012001556419028416,0.013017542898420643,0.019543017286763834,0.03753398985666181,0.011999055466925607,0.059459391360682554,0.0008610631319307456,HG00120,GBR,EUR
46,0.02558280053580386,0.017104103981767295,0.01757166750223302,0.0038398898379753813,0.12067965850818924,0.00422166461043406,0.0057895551130695624,0.07082015443450154,0.0019433624166895573,0.12893774527343688,0.1412857650114256,0.02519645863261253,0.002941015968867176,0.12150180852440459,0.02456679503663671,0.004433401758478234,0.004635770855568514,0.002554729728065956,0.0013677569030131898,0.032412093517611595,0.02208243723154198,0.032050613885699235,0.07072401052702154,0.01638551483158797,0.099565979699791,0.001805245673577564,HG00121,GBR,EUR
47,0.010934233598373325,0.006194100406964966,0.014762049719874853,0.004008994384786397,0.13806482058742708,0.006489652848371407,0.004897806940964163,0.058141650844410184,0.0008255727488510661,0.08339474365925047,0.19510209424206978,0.03934306702872153,0.0021794856725045695,0.11574699152303125,0.01683955532068761,0.006923893937042596,0.004579092677198985,0.002195202953948279,0.0009513083709320868,0.02586901585806526,0.012505215012443152,0.028545553620537113,0.09869376562711255,0.017595728087412863,0.10423428822806007,0.0009821161009670508,HG00121,GBR,EUR
48,0.018302067117948486,0.01342044053736955,0.021052796774076107,0.004652533421681333,0.15010412429334175,0.006180352405781983,0.0066429811379557285,0.055607578564449436,0.0007927690032149192,0.11604890429671687,0.13786235278405473,0.022250591396869537,0.0018180183533487682,0.12248637934417006,0.029165796593652447,0.0050888090194062,0.0052283311770753675,0.0024043662001779543,0.001610566517035651,0.026642880178011873,0.019117954489346643,0.03470382356818038,0.06427804429811702,0.019261066238167434,0.11417393524114997,0.0011025370487085398,HG00122,GBR,EUR
49,0.015818678426573186,0.01139131585704125,0.018814537459806182,0.005005527482631798,0.16548551825985122,0.006126677560797786,0.0065649977265635935,0.06736915808022528,0.0016784794672860834,0.0751875360774572,0.19357540808789883,0.028965388949896986,0.0026525206900298998,0.12724978332701015,0.017912818866941873,0.008492983132874828,0.007395006476855689,0.0018646506718601385,0.001556719010712195,0.03271613546703643,0.02285472248798031,0.026860776276823088,0.05333551123267445,0.018821870356167936,0.08064455875582695,0.0016587198111819228,HG00122,GBR,EUR
50,0.011020549022396674,0.029181351645074377,0.013721933528324567,0.004649627803723799,0.1465819300960965,0.004629489609579445,0.005167480934381089,0.05532637324997545,0.0013666543960818575,0.07804555845983473,0.21049650599961633,0.031118411740416706,0.0031520214429226374,0.09516744083464156,0.022375614176064977,0.004173484803745059,0.004133042250776649,0.0030447184947107043,0.0013403611834162817,0.03287476800464229,0.023517243819012743,0.024775308473540977,0.05910425640972484,0.014033126209063452,0.11879783977660453,0.0022049076356320295,HG00123,GBR,EUR
51,0.0156417465400481,0.007286850703286381,0.01486439966620747,0.0036844176469021253,0.11134435543084492,0.005446414112127716,0.004561517756274896,0.04017201740595256,0.0016741071371319505,0.10904699477124545,0.28735131876436276,0.03321793966007097,0.0017858685065100818,0.08493234770585734,0.020472047074685,0.004538599668124628,0.005303892826282408,0.0032236428346695332,0.0011339288727329239,0.03954299885019466,0.01548925062086915,0.029423424528729376,0.05427636022085892,0.023911997548903448,0.07958575184948986,0.002087809297622718,HG00123,GBR,EUR
52,0.010785136885153312,0.0070529246135306685,0.013582319296515974,0.01007947716791116,0.1032213646472803,0.006117497910946703,0.005565670808929352,0.061055694533163674,0.0018142337451867122,0.07848320406278948,0.2966032144766566,0.03340671012348614,0.0029765475666691803,0.09647018102619703,0.017489390591693584,0.006310568569917345,0.005823651547731308,0.0021542831740277695,0.0016130459815217343,0.032594930873257086,0.01752066126861795,0.026909074745403393,0.07105263209956074,0.01904650366375724,0.0704020407636115,0.0018690398564868422,HG00125,GBR,EUR
53,0.014125389314088282,0.0133468899827428,0.020044644138105364,0.005568884835789239,0.15119903075909838,0.006445309272803585,0.006293099666438968,0.07104444069819285,0.001993022769721339,0.10469664015389672,0.15543972050736946,0.024235016066458375,0.0034826121775211787,0.11251542003026706,0.018331894772282586,0.0074703331716207775,0.009251333973897422,0.0036983958076418836,0.0013452565221875978,0.036646536636295815,0.016092759033462096,0.025295025618815296,0.06804881158723296,0.023547052341156356,0.09810482860260472,0.0017376515603080996,HG00125,GBR,EUR
54,0.014212673461877776,0.022586358102018124,0.019578072364679146,0.00549144425838569,0.17805629031806566,0.006847624292537622,0.008974909606604948,0.05050918391633918,0.0011078699464678304,0.11803276514450614,0.10433933739057305,0.030454593756118177,0.0022622913464302122,0.11947180977202844,0.022808787642209172,0.007077346171382327,0.006033667002537552,0.0024464962956600336,0.0020420663626050397,0.03247053302091414,0.01881811251527193,0.035281916275427455,0.0655085713784775,0.022128472180400892,0.1023390540681523,0.0011197534103343687,HG00126,GBR,EUR
55,0.012557129835845268,0.029942103074411596,0.019915466815253573,0.006083605980424991,0.12419422562228392,0.007294866532937015,0.005641715865559087,0.07000566815611049,0.0016173262742986705,0.08859792015845193,0.16608761082091852,0.03011653486488177,0.00526831062684346,0.11475281544920343,0.0205615348842874,0.004521710456287816,0.0075574549698139695,0.0028848079049422987,0.0012190823128208678,0.028763756062871827,0.023177585402446986,0.02742351436593561,0.08327070958210424,0.01815640973144261,0.09904317763434127,0.0013449566152886913,HG00126,GBR,EUR
56,0.01970539998983866,0.010492372569883376,0.024588552553542576,0.006507118697751364,0.13630004809367258,0.00905965155297086,0.00795335950329324,0.08598434283408748,0.001174117798130225,0.10489119669262914,0.11938446256245842,0.033290850914109556,0.003850264845291766,0.10618794867050996,0.025320949214838184,0.006935956388670644,0.0068710134962666125,0.0045375453620645325,0.002215117459736845,0.027717958859505926,0.02225459402188033,0.04015727510092289,0.0759195550348532,0.022473260644891965,0.09439802009945379,0.0018290670387550714,HG00127,GBR,EUR
57,0.014649319556965515,0.022116966400969548,0.023715449783609174,0.003691007228547999,0.11438341840264556,0.005678221574826027,0.00552992050569895,0.07512639980825378,0.0011477579584080883,0.11092240585762843,0.13008940199535593,0.030765513549591606,0.002968443558376222,0.1207721528453076,0.02353131203941711,0.007008460947138359,0.006636625833836718,0.0024876453963150135,0.0014545806757277713,0.034248565075285405,0.026214036363702686,0.05357339014528987,0.08114326194248246,0.021877240399276108,0.07894211009299613,0.001326392062349463,HG00127,GBR,EUR
58,0.011945146068422676,0.01045525530340439,0.020812079541910406,0.004816121088647691,0.21103162986921073,0.006354426649371939,0.005029565322008516,0.05418044557061999,0.0014569641943270614,0.12061746086810855,0.12498330912946365,0.024304116443544015,0.0024893521748544775,0.10423662738676677,0.02337948815366738,0.0065789450466237675,0.007814821901640663,0.005248108358365183,0.0009868506405996472,0.031151538464777244,0.03443765544761435,0.041438437996210144,0.059677581009039866,0.018577297232125,0.06663993434948066,0.0013568417891926814,HG00128,GBR,EUR
59,0.013946626176263613,0.013170444169276527,0.017974902880502384,0.010260242258984871,0.11747854637668512,0.0072320630615435085,0.010018218841443594,0.07105648438473203,0.0012965626103088105,0.12758085931759064,0.13424693623486592,0.0312443887983063,0.002572151846324254,0.10153584514698513,0.025331985069670198,0.009001978929979039,0.006226683460469399,0.00309542040908232,0.00215913849998529,0.03185176636809692,0.020617643140285215,0.03743589921881401,0.07198752113485017,0.02773308582615877,0.10285789379483702,0.002086712043965168,HG00128,GBR,EUR
60,0.014821062173866962,0.018362793441302823,0.028298685350214008,0.006616624507069087,0.13663616969833525,0.011073758334071041,0.006022607231399896,0.05485245610189906,0.0019345488907420959,0.10621066875726493,0.11625855596075568,0.03344506710441866,0.0027905290582472516,0.09848815093914687,0.028059956865668378,0.00574560871330554,0.00689723894284026,0.0034444887948673945,0.001940858905442274,0.024262153471486934,0.022525703067321618,0.03864083872145467,0.08202554816085011,0.027054294215104066,0.12245661740405918,0.0011350151888617713,HG00129,GBR,EUR
61,0.014773269397930429,0.024733907792254442,0.02254943673775185,0.003941015633473629,0.14532246992899323,0.006257948936398653,0.006581435228486644,0.06778406840822805,0.000901178919842132,0.1109725229408801,0.15106745306760772,0.03954596849423943,0.003328811922001016,0.08508851519424153,0.019303641759131605,0.007081581566878529,0.004845097546110388,0.0024424431660148823,0.001284406369763954,0.03035923719197465,0.014915048548352697,0.033806430763277794,0.06886414176293457,0.025789169859911833,0.10692634632249297,0.0015344525408305342,HG00129,GBR,EUR
62,0.018854859875450977,0.012559461118913788,0.017884397138962185,0.0056926664819428015,0.14500573767770958,0.006800405281127865,0.006913412288007855,0.061975007763379365,0.0019933445611840643,0.09831481895040446,0.15877693311744567,0.028457308041749917,0.0027740603374378395,0.11516663933193179,0.020395097151591605,0.005436226422867639,0.009620838533256699,0.004007665724984364,0.0016561812724064065,0.029388674997940623,0.027236813097165177,0.034640954327467444,0.05998008090256322,0.022092148787104547,0.10236763543344482,0.0020086313835578815,HG00130,GBR,EUR
63,0.01137404097172852,0.012851733336975197,0.02233431031702106,0.005883862072591683,0.13833735611371653,0.007520935792559584,0.007371598379323253,0.061714936899231264,0.0016825072113682417,0.10796438871697471,0.16917113660484506,0.025737001084090508,0.0030622127690249305,0.10792901903963985,0.018140027114177074,0.0062245993504020615,0.007496288049590876,0.003044681701140858,0.001322174266223076,0.03837396888933295,0.020944591580051887,0.023760364399092154,0.06366997224483746,0.01638033421767629,0.11646753129876902,0.0012404275796136653,HG00130,GBR,EUR
64,0.017820709106154606,0.02461703671332249,0.016765916341338314,0.005284200329691752,0.1507803274037043,0.00807157247880157,0.006838206069109912,0.05081208183855094,0.0010779981410551547,0.13752605091202807,0.11600005192617273,0.028993561902440363,0.002083539839048137,0.10046465992917471,0.022819562015049002,0.007650824067343956,0.007984164030362676,0.0023956204128110993,0.0011145537530032061,0.032805741275738896,0.018221387259437897,0.03351709955802842,0.05295931198046394,0.034625979472128886,0.11729879811480798,0.001471045130227012,HG00131,GBR,EUR
65,0.028852793413255542,0.01179069976196882,0.021565387701148908,0.0038698293733443107,0.1766088493807002,0.009910150732625432,0.004598535924220447,0.05662326581852185,0.0024496374206826985,0.10254009478896703,0.13567781235294854,0.025764342612603634,0.001838613855064484,0.11217540941605406,0.02682884302405119,0.005197246207648063,0.004950901485029611,0.0029383885608114013,0.0014647421906001103,0.02657907108576431,0.018658550530767544,0.03794839975357908,0.06657166241601323,0.017025296316172552,0.09407979710692337,0.0034916787705340335,HG00131,GBR,EUR
66,0.012372776693429283,0.008296680090076143,0.01942629676197845,0.006453418928885904,0.14049532303164936,0.005606567949340203,0.007941861555994644,0.0707399958990841,0.0021537814057152717,0.11605012804799829,0.11232376506246751,0.02292140940186931,0.001996218869508949,0.12403463891138851,0.023573109730368292,0.007817326201704392,0.005679679215614267,0.003469291461985102,0.0015631132931437986,0.025060143460596474,0.01787916879658711,0.02284340537180113,0.11400438372245743,0.024824856738330587,0.1004898606575204,0.0019827987405117075,HG00132,GBR,EUR
67,0.012795018340723828,0.012829086444033999,0.020853472025189636,0.006121448722348384,0.1701447135624285,0.00947024602463333,0.007672797887635567,0.0554788141380577,0.0029888432250853593,0.11780438711993345,0.09511112549003535,0.01925261409191125,0.00449102942224498,0.11296696374838422,0.020040388943861256,0.0059556372498905325,0.009014653253608581,0.003244417317730132,0.0021324309706409732,0.036930592382467146,0.02014435961428038,0.0335990813330867,0.07684149431104856,0.02069042474804683,0.1221787218369491,0.0012472377957477054,HG00132,GBR,EUR
68,0.021124973651161533,0.013864755000833284,0.02249960004398549,0.005774351457244912,0.14741652175091735,0.006807515456804242,0.006051883155762903,0.06553885465196926,0.0014456758385249038,0.11167815020606298,0.11898713682837433,0.044610135588958245,0.002981555205276608,0.0956811810345196,0.02051517189683757,0.0057751326753176825,0.006417115989689956,0.002325438841931033,0.0013730088226766514,0.031952952691864205,0.026434950312609444,0.0309605722901553,0.06336328436683401,0.01794825121050278,0.12658818932095306,0.0018836417102286295,HG00133,GBR,EUR
69,0.012573745747015946,0.012472091551038313,0.01629679488559504,0.0038525064396776037,0.16218200622345746,0.005146240369488841,0.006274950426380059,0.04761548950493895,0.0014967954755367502,0.18387022821679883,0.11368457272516808,0.01956271464352235,0.006858394697787922,0.10431380727586492,0.019325810008171542,0.005569210678896153,0.004950314363689703,0.0018649870477507266,0.0010137441313943256,0.03883144336068088,0.024017059188386133,0.01781885999504773,0.07206854102177242,0.0193170401826873,0.0977901977694654,0.0012324540697846733,HG00133,GBR,EUR
70,0.026503047884956183,0.019337575113443032,0.027462065381441997,0.005777583185912971,0.12408914795941393,0.007932918776844461,0.005978863429189445,0.06534022662340654,0.0026919220962879267,0.12715652558376583,0.0804533217565129,0.03087078137696319,0.0020201193604626765,0.14028672398463765,0.03800635282109354,0.006253885030067675,0.007537748193248729,0.005303389651258099,0.0010396904054589323,0.023956389218157452,0.020266582333667946,0.03584769991276889,0.07436460332962469,0.02641060864857179,0.09401350751885053,0.0010987204239928622,HG00136,GBR,EUR
