,ACB,ASW,BEB,CDX,CEU,CHB,CHS,CLM,ESN,FIN,GBR,GIH,GWD,IBS,ITU,JPT,KHV,LWK,MSL,MXL,PEL,PJL,PUR,STU,TSI,YRI,individual,population,region
0,0.018492356135767374,0.008096538623138236,0.022123410507426066,0.005201094901438365,0.10481273297562753,0.012505006756151392,0.0067679339043182655,0.07019386196578307,0.0010224668695048113,0.08001113040626257,0.12780944742041123,0.02724803582263533,0.0034104838906253094,0.14975017185817227,0.022818517672027958,0.007105157791700338,0.010818941672662159,0.0028076677134740197,0.0008326878149611962,0.024022365561462727,0.03464232629734155,0.03403290187706947,0.11425526700555985,0.02014976051316644,0.09030955154249894,0.0007601825008179605,HG00096,GBR,EUR
1,0.010884696485582109,0.023504426490429185,0.02929462666269031,0.006066559911413396,0.14222971721599942,0.00532361487361622,0.0060626479849368855,0.058855684801186206,0.0010573832419294253,0.10201944540534222,0.14574795752986888,0.02596940033570453,0.0015696296730284757,0.09614472020510662,0.024859303436180178,0.007128279173770764,0.006352061983955914,0.0057323284953092486,0.00223862324657808,0.03710209283502496,0.015133360190955774,0.03245935213341799,0.0699485734029771,0.030502898928589334,0.11146726973814645,0.0023453456182689764,HG00096,GBR,EUR
2,0.04150706538828024,0.016260039103078286,0.020585190088904505,0.004054773864206758,0.17003051125868224,0.005653909252694508,0.0036542299050391154,0.04644512301467813,0.0007815178419070243,0.09632011221513724,0.1554012818606986,0.02435768776571591,0.0016903053003047034,0.1062330830752239,0.016049227519753736,0.0038612531866224504,0.005769664596111622,0.001576854548752746,0.0004840633638727753,0.058574969426971775,0.019458047119993493,0.026738064763142107,0.08211984104916434,0.012752770757559245,0.07876271496645755,0.0008776987670483571,HG00097,GBR,EUR
3,0.011791245552687618,0.03521008433129912,0.09358091089528214,0.005099547584732288,0.17166271319980678,0.006418633168547974,0.004610432529306548,0.05887710878527113,0.000965531890482491,0.10513102565424393,0.10792284401607721,0.02615105549801,0.0041548879624948255,0.09672978893961945,0.017988125572376463,0.005353596379531011,0.005363215112838957,0.0021696481305478413,0.0014683294668610587,0.037249310041056874,0.019468438498935713,0.027953651357836146,0.05741927635664194,0.015474980479504534,0.08058976483338569,0.0011958537626190623,HG00097,GBR,EUR
4,0.022105680111299177,0.010245037172016783,0.013641894348458253,0.0034635697894258807,0.1195220240017577,0.004435640437031198,0.004377089605718109,0.06307580522030348,0.0024844981372010304,0.098422967684204,0.162838731964751,0.030133977310106072,0.0024402486300651462,0.11528348689485779,0.022155926640392534,0.0037557068577856387,0.005271300521563353,0.0028098976458251178,0.0016228835109357582,0.021023554493054538,0.0123019361113977,0.03426859204068163,0.10667199674108668,0.026499668168070954,0.10911724230446293,0.002030643657547323,HG00099,GBR,EUR
5,0.011521703680012244,0.00935565582865548,0.020956424553522816,0.005013210546125957,0.11868581527862887,0.006344656933923861,0.0051727393085120935,0.06740236317923044,0.0010233150819401516,0.10957032468281211,0.20362969809737805,0.02468780175562807,0.010036816916365812,0.12891693930724438,0.026062623124823336,0.004842975858044952,0.005135081660583854,0.0019695019223764827,0.000814825927813584,0.02212096430922505,0.020914098673851734,0.02554050149788785,0.07556755387739955,0.019901809741808583,0.0736460168165899,0.0011665814396056447,HG00099,GBR,EUR
6,0.009963685511379928,0.019589104515267203,0.022522513532249946,0.0034783566673395393,0.09840525829704737,0.004178844978089694,0.003805780431510298,0.04934401255439955,0.0010028352034844692,0.073973592024013,0.3545118538382792,0.02420772935514353,0.00200673677422553,0.0715903979054225,0.014282131165456857,0.004988127319974023,0.004258966924810234,0.0023551282003021643,0.001733732034729235,0.035726586688303356,0.018052024659271592,0.01616617276993581,0.06588550028331877,0.01591134414168749,0.08117894390400449,0.0008806403203559281,HG00100,GBR,EUR
7,0.02335992521714022,0.007739779854980284,0.019330322688348358,0.004836287454916595,0.0874098861029903,0.0054286645429573056,0.007347673537790857,0.04441118150084295,0.0008393455038679269,0.08393707754692174,0.35450392491472543,0.018580991569318524,0.0019410165199817602,0.09427911695729294,0.011718955871510606,0.0031021116859462333,0.00412879632830185,0.0020309477153983187,0.0011234560536568224,0.031651706896116905,0.012865110279650722,0.022552797438997747,0.05659939641044152,0.013972394366950535,0.08465763877888142,0.0016514942620821104,HG00100,GBR,EUR
8,0.022257143661221526,0.004069552542580601,0.018493539335616968,0.003764280000754663,0.09704527590623645,0.004953757877655119,0.0035725099486775243,0.044687943637823996,0.0008906514862505634,0.11829676340715586,0.39628377427355505,0.018115677305645176,0.001820541937126154,0.06526411834507946,0.013900459485430994,0.004825520300792057,0.004858242570155162,0.0015155488537194144,0.0009902558614872548,0.03258462548975611,0.015540139665405232,0.022532957563084596,0.03280185564846913,0.009758173468770058,0.06028767321881895,0.0008890182087338818,HG00101,GBR,EUR
9,0.021436779399181757,0.01217329389769186,0.01704278937096856,0.005978280378709004,0.11828209580081421,0.009080103030266656,0.005664042137178496,0.06439181956097234,0.0008617479449945339,0.10304683941680573,0.1776812755151421,0.018528855776310544,0.001380680750150426,0.07743118860956315,0.013207206767862663,0.006734530076582539,0.004790272166682708,0.0022687207924061473,0.0008628916806492959,0.03442042257284616,0.032728007262286814,0.027475506281597048,0.13326560271788995,0.015239229623345908,0.09536590673480914,0.0006619117342940369,HG00101,GBR,EUR
10,0.01668422757523661,0.015361324642490421,0.014709171488044499,0.003564334795763017,0.14247717894787523,0.005131265233567257,0.005608117532453326,0.05594772267230632,0.0013261671998615473,0.08039342363803816,0.15252160726035505,0.027515758499750784,0.0025161913020149895,0.14235573235614868,0.02511542601698689,0.005210147204914676,0.004973271240904108,0.0025780528065490202,0.0010155992091955442,0.021266505010671802,0.020034994749366604,0.028810840169336542,0.11503062145287268,0.02255365535520604,0.08551498863474054,0.001783675005353315,HG00102,GBR,EUR
11,0.016536975898883113,0.01148615163242042,0.01879889053193288,0.006761880083476044,0.224528669599012,0.005272133297212944,0.006663555618828716,0.03992688960068546,0.0013662428348685468,0.09798926916479522,0.16656841120113794,0.027922642351679915,0.002992840860649144,0.10651551481358697,0.018208219437698306,0.005126412507385079,0.0050136986312802456,0.0025687132317306514,0.0010725840469164576,0.025060255223681417,0.018335880423631868,0.03403396818708799,0.05676108134002586,0.027816460793049082,0.070775159898025,0.0018974987903200772,HG00102,GBR,EUR
12,0.018085721204554914,0.01567879642962036,0.01222222127163386,0.005284112286281283,0.1271907567549722,0.006115025704314555,0.007196387326649634,0.0466040834842923,0.0009864200667395677,0.09705791965822591,0.31419430948688154,0.042489178640867674,0.0029894129652684206,0.07454104177241262,0.01536543618288079,0.004429421146655904,0.005420058685147059,0.0014823853489804241,0.0006572430486836287,0.028621349820857348,0.01410594375180224,0.027936843660159433,0.0397526340517153,0.016462461374227706,0.07293903994009938,0.0021917959360796876,HG00103,GBR,EUR
13,0.014697001930427138,0.008866114157930973,0.018999813956813355,0.006438958647382797,0.1654505633536344,0.005651266328419562,0.004452727782964494,0.057538564703639404,0.0013177982567315685,0.08529262154087346,0.17513387388231727,0.04126423542142224,0.0016323410285812604,0.10693313326654022,0.020936055617368842,0.0040865876777658305,0.007911352986850199,0.002667639655279102,0.0011410834781816635,0.031071497937397795,0.014183556003422424,0.031328865229009614,0.07086565931025772,0.01751510739305197,0.10293808875317939,0.0016854917005608393,HG00103,GBR,EUR
14,0.013850922755402758,0.011920742741688849,0.02123502874961431,0.006219408011889096,0.10713583844792166,0.007285410327986485,0.004828847442788747,0.0637158579562071,0.000902615805163367,0.10681452805154877,0.16771553514562915,0.02835025699800094,0.0037736138715338957,0.13243768965148317,0.020973276476912897,0.008097728761149576,0.008429786679237924,0.002487769479191974,0.005236720955983186,0.027254425494598805,0.027035455050001597,0.027176905646504698,0.0630290907753279,0.022132572668002698,0.11008531337477355,0.0018746586814573226,HG00105,GBR,EUR
15,0.0317178262818162,0.00824448067033106,0.02264332067307352,0.007459166319626098,0.12808152358867142,0.007133278029958424,0.006518963178147077,0.04643974017910753,0.003950784189220571,0.1144010162587882,0.14064029691433622,0.039340997297306765,0.007116877028586771,0.09187871919892134,0.023456649237575844,0.006400483501894536,0.007742743890186815,0.002374207317823992,0.0028186164031153427,0.060567356635454685,0.018857489262170027,0.03417952320045232,0.06539303252942359,0.023921071955065976,0.09304226467686878,0.005679571582075455,HG00105,GBR,EUR
16,0.06076316331660194,0.008080577369360117,0.02477315401956117,0.003392284163496888,0.1947909899678552,0.004369128300740117,0.004250973053847034,0.04842689689001868,0.001760188669413364,0.11638228445694171,0.1601142458948516,0.025374517585427813,0.02154231958340091,0.08829437630756137,0.014419802725978552,0.004518104079428232,0.004768099268218481,0.002516930583873479,0.0015132346527138903,0.02053755040984684,0.02402757263433853,0.025442639504146682,0.05408593249937355,0.01647990788342566,0.06790456193051574,0.001470564249053782,HG00106,GBR,EUR
17,0.01083171942832571,0.00857674409364928,0.021685093616369833,0.00523427625240459,0.12006898515788895,0.00670853088969487,0.004921616161308356,0.04225114655529802,0.001250069059682239,0.08134605895487848,0.23905935480561688,0.021532014653937257,0.0034402123382252596,0.10189036238894413,0.020888624307596797,0.0034404607993237077,0.006289294742153524,0.003125132914281515,0.0018303205449177566,0.031182882544933843,0.015607019671668996,0.03736075792169982,0.04264344490710836,0.019572768408088238,0.146780696649648,0.002482412232359673,HG00106,GBR,EUR
18,0.018562718766767718,0.016316647059671376,0.02253190390705232,0.005639413333316821,0.12758060195656262,0.004959994257581975,0.005867463864146502,0.05169023866542022,0.0017742140130239663,0.1035420001665705,0.18281814934395518,0.03351795134285819,0.0033803020980187927,0.13814051236992458,0.02383496501096959,0.003764964153360173,0.005009249006652915,0.005024102047926746,0.0021487747352384313,0.03770866174101142,0.015515245456643947,0.02645952462316984,0.06770140509052124,0.01875084497612121,0.07553055584267547,0.002229596170831949,HG00107,GBR,EUR
19,0.012477780965277813,0.00805168457707453,0.015209088880846737,0.0037122997266480534,0.12051100538371451,0.005284766926972586,0.0058259498562699946,0.0672294452141318,0.0007312477197978016,0.09299949522105723,0.1604464530928898,0.04094051820548444,0.002887185014507404,0.12013921555336886,0.02754119558909291,0.004911096498919211,0.004526978394360344,0.0022940312828897266,0.003930254947024232,0.036516068207282926,0.01718660434290893,0.029183818684248127,0.05085921139950662,0.026883791740438544,0.13853875666612928,0.0011820559091543646,HG00107,GBR,EUR
20,0.008350382316556743,0.009103660062471004,0.018900779891378037,0.003810494443014371,0.12058056977761844,0.00981464581923659,0.006117405702220952,0.0734200477588374,0.0015215854954097273,0.10425191712686235,0.19075089833870776,0.028434404748675646,0.0026775099178450363,0.11724374034111253,0.01910188886062131,0.004774669444705452,0.004551074397969244,0.0028589867360337765,0.0020256006989933734,0.01986002829771676,0.020077341994571698,0.04894935819012016,0.06772111337506705,0.014232427213804133,0.0993172588219729,0.0015522102284701053,HG00108,GBR,EUR
21,0.010141214658656094,0.006098530853682637,0.020738703435768054,0.006257001348551272,0.10782947513780063,0.0053060841535415995,0.0052862173176590425,0.0415622554278377,0.0008348594951458373,0.1544901301527291,0.29966211615136146,0.021005928680929976,0.0029507486780884803,0.08400646596682974,0.018401898857557157,0.004004216924069792,0.003853602849002892,0.001492352927056663,0.0008415537028850439,0.025635044530421803,0.014207285242687023,0.025541355290453243,0.06091111472833378,0.018646419221960912,0.05938772677554622,0.0009076974914287567,HG00108,GBR,EUR
22,0.026198946363592136,0.008615805580830119,0.026842636950064357,0.004977298207410459,0.16321037275381195,0.007675223033197972,0.005723881342751478,0.051475137796180306,0.0009247355521019095,0.07980485278942345,0.17457916310685218,0.023713518793845804,0.002012698323408347,0.08626741541423762,0.021723482619633718,0.003945530706909836,0.005094949643816913,0.002105678731958535,0.0011525791575022206,0.034921282742353885,0.02157060060503813,0.021824193456138997,0.07826435645649633,0.020581983498935773,0.1252747002738264,0.0015189760996798512,HG00109,GBR,EUR
23,0.015694149069312054,0.0053258966536088295,0.01618003298176958,0.005099395253016446,0.16942548794308676,0.006934041325160254,0.005872249462009164,0.05724688484106934,0.0011989673733145809,0.09079474417647347,0.18797006532525978,0.029000687473980796,0.0023488273807508305,0.09160826006239213,0.020572162728826764,0.006321909183255325,0.005777473110336569,0.0030591036837691694,0.0011352823049388182,0.021189278597735044,0.049631703612003086,0.031590311583099114,0.06813965026086678,0.021190130715004613,0.08509770094580114,0.0015956039531619865,HG00109,GBR,EUR
24,0.013537911756239349,0.011404340555190686,0.01857443028766525,0.005588097476734809,0.13414131357972373,0.006799115902333694,0.005153456338242597,0.059987218427580355,0.001294963290280421,0.12921425893828842,0.14458530096548394,0.03328980143587143,0.0022471569725880155,0.13949783178806469,0.019522201122255396,0.006932256698060278,0.004970529506077597,0.0032196147895879805,0.0013181272205845197,0.021256469078932753,0.026479693004101894,0.031677680432134335,0.07495117823588335,0.019154336361899716,0.08366716036157514,0.001535555474614999,HG00110,GBR,EUR
25,0.010089462407907522,0.021274604947814985,0.028742580679865026,0.005260573129300507,0.11655373440654056,0.007802713981359132,0.004644682958604086,0.09447303116933528,0.001078348423787818,0.08441867562990019,0.18176638017899252,0.030845770134807538,0.002129639039308134,0.11416687371118293,0.0293234457482285,0.006580710703650673,0.006135610518633786,0.0017699567081749517,0.0014370456635967826,0.01743608838910225,0.02134815819796594,0.03505566132726413,0.06934969264996269,0.02209780373116336,0.08486722225304796,0.0013515333105032002,HG00110,GBR,EUR
26,0.01481724163464228,0.009766069285369038,0.018593757531212046,0.0036458690287433622,0.19543854053531212,0.003996644365593753,0.0035732619646391284,0.05884262116986259,0.0013155890746221846,0.09877378242640486,0.2206393796623705,0.022255350183766398,0.002637945709592657,0.10686690724033472,0.017632039040578154,0.004158442569666242,0.005736816921723151,0.002490947736163445,0.0011635101926860871,0.02387813378817193,0.012057615661098873,0.02977455233197936,0.04534841109175004,0.016947520687999974,0.0787566987019019,0.0008923514638099333,HG00111,GBR,EUR
27,0.015648240384666338,0.0072442822157195615,0.01605970586244808,0.006083420083697455,0.12279600233878545,0.007391825514326894,0.006445898911878496,0.056823389836839426,0.0013394303521655538,0.10501143510583617,0.20431622668203353,0.03385265293123255,0.0028045233875637027,0.11383653704015688,0.021277063711213125,0.006361159142905664,0.007086786233171043,0.0031895997920993887,0.0011558525963715003,0.02166791246604382,0.014816109770061512,0.039382400523474796,0.06180339432602829,0.0211375107190664,0.10148227741965338,0.0009863626525612958,HG00111,GBR,EUR
28,0.010634754595964992,0.016275379009362656,0.020384813296991915,0.005064861455226153,0.10228023644163983,0.00656207562134476,0.006009861365302478,0.04277436209770121,0.0016923998363669887,0.12882780178919848,0.22231334199357053,0.02658850665280425,0.005728181529286853,0.10344711732012779,0.01383753244478372,0.005933696904399799,0.010595103646758796,0.003524914665687995,0.0016413978991435634,0.024774262585859814,0.017051638294687154,0.03213216145237414,0.07014936558652778,0.017433294017415234,0.10226217440916832,0.0020807650882931784,HG00112,GBR,EUR
29,0.02629250529674817,0.012196197510573716,0.02379891679424285,0.004737836327893283,0.1151224706596281,0.00420452413640273,0.005538027467468296,0.0555324017221747,0.000835752906645034,0.12270805672749896,0.1494414938961123,0.0347985142130774,0.0029715141844867607,0.13933419152835755,0.023664371570064405,0.003973071944016925,0.004908598221455298,0.0022131829449500095,0.0015331794408886667,0.03046352144613224,0.0305799727683148,0.03365664743122069,0.061970908590952584,0.020644254254358008,0.0880276821593716,0.000852205856969423,HG00112,GBR,EUR
30,0.01614093972239783,0.007993681732459816,0.016819963691259508,0.00440618129550457,0.19104760976400426,0.004871945627046148,0.004696816028159358,0.05272142942241984,0.0011483501725753993,0.0992086123735893,0.21121612222793498,0.03322499598856407,0.002407617921487196,0.09249599307143178,0.017630129919830505,0.005552733969497949,0.007363172116438957,0.0027600608016233375,0.0013033682265335695,0.030006202641690443,0.01871985340265508,0.026967313576946983,0.05099313389849547,0.020946972633918298,0.07801356103422015,0.0013432387393144565,HG00113,GBR,EUR
31,0.018675225190124337,0.010467950947618224,0.01909813879036184,0.002842058572092236,0.15397895494650854,0.004513308826244108,0.004599875923110835,0.05986802727134028,0.001150129821592873,0.07612905705959644,0.16151089990352185,0.05826256342975386,0.003344865885675342,0.1111061678200636,0.02454882850903384,0.005875923983749805,0.004676801928761662,0.001974338086709701,0.002731915223244978,0.023453596968922914,0.02537287058178446,0.028665547218653522,0.06703283689418103,0.03142098632968632,0.09762566022618328,0.0010734696614829744,HG00113,GBR,EUR
32,0.0772708702363012,0.0164762365790048,0.018902244174253662,0.0054090562055820295,0.1463792447820689,0.008447619791638699,0.005365464107275656,0.039545585276775895,0.0021302428950036394,0.08386489522695056,0.18711284443593126,0.021318273547043277,0.0039058353601227284,0.10612183807837068,0.019477358464081565,0.006117610641285748,0.0054849921517158,0.004269137198909847,0.0021359961156980074,0.022766379765077394,0.027844878998793107,0.039286332917123225,0.054648174896287816,0.014874381973777218,0.07730088745307857,0.0035436187278539526,HG00114,GBR,EUR
33,0.005802058722005043,0.017669924017884496,0.017440457242262297,0.0038031069694306864,0.16230481926795964,0.006188962219577414,0.0051203309719973075,0.0468213930341645,0.0009292843104448542,0.09981551397381865,0.2451279746693088,0.02584235862371739,0.0024375258419474565,0.1059988680511498,0.016826547200136172,0.005331478024944973,0.00432519056288442,0.0020111117639748767,0.0011420322859862061,0.034881988972845564,0.018169658910192954,0.02340665427266398,0.051285974645726054,0.017823057967764948,0.0784138607639097,0.0010798667132923365,HG00114,GBR,EUR
34,0.013554189268360595,0.018643155128315592,0.01851683134017429,0.004827345261877282,0.19335034461303072,0.006953073971741927,0.007375498293721215,0.059793814884807,0.0007199587886417837,0.09746445544711317,0.14894721392722135,0.023885106158653416,0.002568779351728387,0.1184710010832226,0.01950295746618434,0.007274289277588244,0.005024555899815498,0.0032622174315684554,0.0009041322206756559,0.03327736082391195,0.01917542291670018,0.029771991868656315,0.05765521901676686,0.020681315407067344,0.08741328290268008,0.0009864872497841561,HG00115,GBR,EUR
35,0.012637819499477818,0.012791614562283699,0.026133170970490633,0.008653502177994392,0.1723304992497014,0.0062259180822871445,0.005729128210006557,0.04667068168482931,0.0016234426746454264,0.09397331948583047,0.14123273775992198,0.04924386831325919,0.005096202581297604,0.09530194043040678,0.022253448924444714,0.00782397587117673,0.007889093063178528,0.0028750676179457083,0.001484605356061241,0.027507286918363273,0.023680276112510446,0.03173525290751362,0.08504073055270757,0.01642540892290163,0.0928010090143483,0.0028399990564101823,HG00115,GBR,EUR
36,0.013899274182863628,0.009702777243957818,0.01794083935412938,0.003772035657730737,0.12923989274286754,0.006808696725260736,0.005019257195175496,0.06240132330418528,0.0005846175612147719,0.1208799925968905,0.16132681113303327,0.03261659374857499,0.003225806007106576,0.11690965097524794,0.015963162122547295,0.004969754720496033,0.00374453173938007,0.003030601131103196,0.0006212053467383443,0.04842610730547995,0.018399112629469,0.02603785724153928,0.07464065407555406,0.023987426939517373,0.09501588633088856,0.0008361319890562353,HG00116,GBR,EUR
37,0.003830141443084515,0.0024624829419461476,0.010191037241886311,0.0023460131160784876,0.066905010621643,0.005227688478287126,0.0026000033936853925,0.033297972944028725,0.0008228086941497284,0.06988288196938153,0.5584054665289914,0.014261692829129235,0.004238434043855485,0.051462576653241894,0.018912157575036316,0.004193168052435206,0.0032453567606783437,0.001743140845613384,0.0004459954442000683,0.02005361784285419,0.019243198096890804,0.017287459686001528,0.029133872205243657,0.008884137278622169,0.05037068510571222,0.0005530002072923511,HG00116,GBR,EUR
38,0.011194169309827456,0.005362519556072422,0.013756118524057753,0.004557136834591963,0.12058057559175438,0.0068460721400668495,0.005840752339521532,0.07378284432766379,0.0009279533796106091,0.13092153569236553,0.15965827223940335,0.01824975168840716,0.0036783903074147687,0.12252822710156301,0.024713359738113276,0.00611795636580364,0.00528154651308646,0.005291405470267534,0.0017019198493062142,0.05679452061547307,0.013830601328954402,0.045809202248341355,0.06956052798091357,0.017542493278415953,0.07469303075149988,0.0007791168275044946,HG00117,GBR,EUR
39,0.006029964997394852,0.013651570649238135,0.01853956731386465,0.005868110039899307,0.08761920052135029,0.006077340613746175,0.005987182868106485,0.05690116432441446,0.0010784086553294995,0.24515902534991751,0.14094717330442966,0.03052689878553041,0.003765525656583015,0.10350427350113155,0.03419691569793509,0.004969326291795367,0.0070648408389840595,0.002221542119059049,0.000895143500835777,0.02115188557576597,0.01765404348915508,0.023846348176804946,0.0664073844518006,0.016349637391631013,0.07827791249657055,0.001309613388730286,HG00117,GBR,EUR
40,0.01831808269179313,0.014378357708605618,0.023067465670496844,0.009828538503892752,0.11913323229450098,0.004415128770941002,0.004223317555428425,0.043783132126802474,0.0005990513638853983,0.1321287695367179,0.18980361721959213,0.025715332232269076,0.0015265725086234516,0.1175701021707258,0.030320417143801685,0.003947553565304987,0.003895594550735569,0.002222192659270484,0.0010703868631235785,0.027275377058948353,0.019509688570062605,0.026448491239604136,0.07518699736353779,0.020239714730485407,0.0836740147645895,0.001718871136256896,HG00118,GBR,EUR
41,0.014884864984574411,0.007847053936056518,0.022400800624109457,0.00403188336023648,0.12202589671619896,0.005600213619401957,0.006622916096974982,0.07480116071134106,0.001734873556690838,0.10196154417082688,0.11948524447815002,0.08742879400178921,0.004712666329925179,0.09889785967199552,0.01904549459245127,0.005583554657525506,0.0054746081786625584,0.002487970853265189,0.0022342930425755716,0.027976815657063076,0.021996486868373133,0.02680662586133564,0.07177998108387319,0.018020678496735474,0.12333545875571154,0.002822259694160564,HG00118,GBR,EUR
42,0.0099519420490396,0.006278407751330074,0.02030467201692638,0.004548250247804885,0.14583801038931374,0.0047600927490144135,0.005716768281315205,0.09295070595600381,0.0011988956497739223,0.12625269664366676,0.13902833986554436,0.027065837213324503,0.0028267051932894865,0.12946858258413407,0.017861644372482548,0.0064393395950914836,0.005680139355520367,0.002583122052386741,0.0011030248664615793,0.02208382996251368,0.022055105980275682,0.04028873196535831,0.06020560308552963,0.027967408118232878,0.07618090335682301,0.0013612406988401109,HG00119,GBR,EUR
43,0.01600492647958896,0.013714725251292562,0.02577065485261227,0.006616819111611565,0.12172579013205806,0.012137652299626442,0.008518579034118729,0.07599134995700993,0.0011683308919709728,0.1305453647795352,0.12801812043921604,0.021560378962182093,0.00486660383619274,0.11952269819098729,0.018513828842796,0.009028521794939078,0.005676815695803163,0.003289124814879619,0.0010483620394476987,0.024579025176062044,0.018345561571416022,0.04576738979030822,0.06764506901673344,0.015458829875037427,0.10337562015431115,0.0011098570102695076,HG00119,GBR,EUR
44,0.012637696304591054,0.0056908791289231354,0.023740120674458236,0.004941438464047066,0.12275347465817467,0.006735981091358148,0.004901400279309468,0.05402605318058707,0.001073685479048869,0.09956955093490093,0.24977913752976974,0.022647235728996434,0.0019052880140700546,0.08362480524200379,0.025054478323923664,0.005307074689362686,0.005365751643440388,0.0016859341888909181,0.0009318951510376872,0.020578890543845006,0.019275834996288405,0.04018268641201997,0.04544555959542471,0.02417779421989907,0.11534217381146517,0.002625179714158423,HG00120,GBR,EUR
45,0.003267476344650581,0.0039848385678298475,0.015101458908031955,0.0026803870273567464,0.07165502462156789,0.004593030947828658,0.0032359566450481207,0.02666398849849727,0.00043757934419558946,0.045096744763440694,0.579060114535378,0.016106618847453295,0.0015545334190485143,0.05873725297580118,0.01339319060883417,0.0034213398978950407,0.004120725871124496,0.0009974006459637856,0.0004660096493015944,0.011302887099974315,0.012259728035493607,0.01840532263256404,0.035348952664905606,0.011300531740529795,0.05599796927317113,0.0008109364341055523,HG00120,GBR,EUR
46,0.02409350054788663,0.016108390403899588,0.01654873476419536,0.003616351063113861,0.11365430513819492,0.003975900858161874,0.005452516783435816,0.06669736674376425,0.0018302297821430004,0.1214316482685739,0.1912757220531923,0.02372964949713147,0.002769805039838188,0.11442859377944073,0.023136641699826568,0.00417531175085404,0.004365899952673312,0.0024060064110930724,0.0012881330816774288,0.030525226971605656,0.02079691051776052,0.03018479083767492,0.06660681984354105,0.015431633843986593,0.09376975687593171,0.001700153490410049,HG00121,GBR,EUR
47,0.010297698362789903,0.0058335115164586055,0.013902678579538814,0.0037756112068787788,0.13002739187258097,0.006111858404204121,0.004612681635476585,0.054756940879647636,0.0007775121198684052,0.09018290614428856,0.18374424676205342,0.04287420387258614,0.002052607147958983,0.10900879283225645,0.027502220952858904,0.006520820194496461,0.004312521288375465,0.0020674094495500587,0.0008959280562025916,0.030184543144937744,0.011777225262420705,0.03270526654878473,0.098769807920959,0.01657139466499088,0.10980927886230343,0.0009249423175395287,HG00121,GBR,EUR
48,0.017236614244660678,0.012639171031625802,0.02564869973809746,0.004381686687798654,0.1413658288051861,0.005820563853689199,0.006256260703863856,0.0552811339800656,0.0007466180407643168,0.11220387442075083,0.12983671071065528,0.0238660202409288,0.001712182609999001,0.11535584791458722,0.04493238068190138,0.004792564548418435,0.004923964438650928,0.002264396279845653,0.0015168075600753227,0.025091867767479997,0.02091574945481627,0.03850503347226702,0.0634468494814703,0.03269350850665916,0.10752731185302118,0.0010383529727305447,HG00122,GBR,EUR
49,0.01489779575946288,0.01072817162681869,0.017719251180560006,0.0047141312373704634,0.16197968001362145,0.005770013684045944,0.006182817088397562,0.06957515321304537,0.0015807669652146232,0.0769383851741531,0.1853703781990775,0.04872676398434686,0.002498104482700173,0.12290589256628286,0.0199339677593751,0.007998565031171316,0.006964506968359131,0.0017561002330923174,0.0014660947805541441,0.03081156915157128,0.024588178991427612,0.025297079068281214,0.05329453189022404,0.01772615719314695,0.079013786142333,0.00156215761537017,HG00122,GBR,EUR
50,0.010378988943666189,0.027482562390489268,0.012923112640465398,0.004378950220078718,0.16299791848971815,0.00435998436874546,0.004866656586305295,0.06042196760978328,0.001287094757068795,0.07350214464911632,0.2065588877326163,0.02930685674024597,0.002968526852864378,0.09794369172032884,0.02107302019791875,0.003930525833749128,0.0038924376396619084,0.0028674705342679897,0.001262332200957037,0.030960966913023177,0.022148189993709884,0.023333016549376903,0.055663508465274104,0.013216189272688965,0.12019844952364947,0.0020765491742309934,HG00123,GBR,EUR
51,0.014731163943725402,0.006862647471542031,0.013999070234728787,0.0034699296689603095,0.10486245572773258,0.005129351699041549,0.004295969489587018,0.03783340772349952,0.001576649169791221,0.10269883567240333,0.32883808526861674,0.031284160867356615,0.0016819043630440483,0.07998802019819884,0.01928026905107499,0.004274385575479091,0.004995127274557854,0.0030359788129763763,0.0010679173250879865,0.03724100741546547,0.01458754555811721,0.027710543027198983,0.05111666773496445,0.022519963177575784,0.07495267584586988,0.0019662677034031433,HG00123,GBR,EUR
52,0.010157281298730518,0.006642339363998983,0.012791626036179627,0.009492701486203707,0.09721234398096003,0.005761368426525879,0.005241665880036241,0.057501343827764576,0.001708618322394975,0.07391431276025855,0.3375513828648168,0.03146194207850091,0.0028032681694870223,0.09085417978991275,0.01647124759517389,0.005943199497802838,0.005484628297812596,0.0020288718102265454,0.0015191426828024188,0.030697420470212407,0.01650069785299674,0.025342565846695995,0.06691631074649906,0.017937713496840205,0.06630359351535756,0.0017602339018069782,HG00125,GBR,EUR
53,0.013303081290955471,0.01256990221464398,0.018877747330583994,0.005244692802667375,0.16568295248477818,0.006070096285129498,0.005926747544665878,0.0669085962066828,0.0018769991630520585,0.11024471502039183,0.1696767709344135,0.02282417720679417,0.003279872283323754,0.10596534692716557,0.017264705485298508,0.007035448527671732,0.008712768559361941,0.0034830940925725906,0.0012669425581070968,0.03451316243853116,0.015155920793233173,0.023822478416809605,0.06408735732295831,0.022176263215935643,0.0923936665330729,0.0016364943611910838,HG00125,GBR,EUR
54,0.013385284201447809,0.021271495688837336,0.018438336982880252,0.005171760420167273,0.16769076248431047,0.0064489905791618955,0.008452436206948471,0.04756879719475895,0.0010433754164190481,0.16937639307825844,0.09826523406097096,0.028681682848669482,0.0021305922984628705,0.11251677118659623,0.02148097651721494,0.006665339223480969,0.005682417725453924,0.0023040737763401972,0.0019231876884388728,0.030580264425494552,0.017722618114555454,0.033227983305534184,0.06169499692536393,0.020840265547011592,0.09638139701751576,0.0010545670857118033,HG00126,GBR,EUR
55,0.011826117869949415,0.02819902675700339,0.018756090051720083,0.005729449511102566,0.11696427210488862,0.0068701966605297276,0.005313283981854625,0.06593029569666771,0.0015231737987946611,0.08344020174381596,0.17582380260994296,0.02836330401950951,0.004961616489040941,0.1080724926118821,0.01936454733744427,0.004258479567296988,0.007117498539732094,0.0027168691223230443,0.001148113566798974,0.027089277090292713,0.02182830475541597,0.025827057419923128,0.07842311415951067,0.017099436287279838,0.1320873181370301,0.0012666601102561273,HG00126,GBR,EUR
56,0.023409493301555923,0.009881560226657662,0.023157132605220548,0.0061283074810366735,0.1332165964777253,0.008532244910000297,0.00749035553327914,0.09553249671558155,0.0011057666565059327,0.09878496693297754,0.12213699100056095,0.0313528276005654,0.0036261220904926584,0.11455995180627235,0.023846892873471866,0.006532180431797397,0.006471018182905684,0.0042733926457331475,0.0020861646345211567,0.026104360858896905,0.02095904521902336,0.03781952364017515,0.0763511473429314,0.021164982188041356,0.09375389054670807,0.001722588097370004,HG00127,GBR,EUR
57,0.013796510990966238,0.020829429575295166,0.022334857419346696,0.003476135638817793,0.1160410132162669,0.005347664515173995,0.005207996776872054,0.07906933774670155,0.001080941352024562,0.10446506990364174,0.12251626141801,0.028974502479730466,0.0027956359351672027,0.11374141492740344,0.022161439234173064,0.006600464145174333,0.006250275373092149,0.0023428273865162322,0.0013699024177804366,0.03225478853462012,0.02468798904980185,0.05877103422842584,0.07641951565593437,0.02060365919706546,0.10761215659123165,0.0012491762907741054,HG00127,GBR,EUR
58,0.011249760671875726,0.009846603737863719,0.019600506564709547,0.004535751116287057,0.23108805323239429,0.005984504383868367,0.004736769716507351,0.05749465815586521,0.001372147180100243,0.11359572832705715,0.11770741920037395,0.022889254912842886,0.0023444348051261748,0.09816850330901451,0.02201845375964013,0.006195952466717111,0.0073598828832403835,0.004942590293454233,0.000929401236455474,0.029338054995902668,0.03890119244128292,0.03902610377499406,0.0626717784446315,0.01749582186727518,0.06922881913248465,0.0012778533900366874,HG00128,GBR,EUR
59,0.013134724830016304,0.012403728175274357,0.016928495838189707,0.009662943356898353,0.11063954540591694,0.0068110492864839915,0.009435009306637857,0.06691993877130248,0.0012210833570830194,0.12015375328304065,0.12643176524790936,0.0876403927478458,0.0024224143026065205,0.09562494681750248,0.023857286277199085,0.00847792969256713,0.005864197750999745,0.0029152208421352526,0.0020334444839044705,0.029997519206971614,0.019417389257340115,0.03525657236301407,0.06779677531692148,0.02611860721080932,0.0968700325451879,0.0019652343262495215,HG00128,GBR,EUR
60,0.013958255629854362,0.01729380539161745,0.02665128041926582,0.006231438421415966,0.12868190974169,0.01042910068097129,0.005672001797706229,0.05165922625611034,0.0018219293346627963,0.10002762607296228,0.10949057660113441,0.03149806611190451,0.0026280787085713447,0.09275467380092733,0.026426449487830204,0.005411128718618195,0.006495716917921283,0.003243968249300163,0.0018278720125343274,0.022849734810701086,0.021214371680476834,0.036391366441809826,0.10635788602208633,0.025479331380551456,0.1444352649079337,0.001068940401439965,HG00129,GBR,EUR
61,0.02038156651530819,0.02329402600430878,0.02123672369782981,0.003711589831278926,0.16920414498688505,0.005893643110602857,0.00619829768291006,0.06383802613970975,0.0008487168857284779,0.11098059083633811,0.14874139890829938,0.03724380418200083,0.003135025493174487,0.080135096413005,0.01817988232558568,0.006669328055882858,0.00456304071238801,0.0023002565992023996,0.0012096347907770027,0.028591877456674915,0.01404677059763503,0.03183839302414087,0.06485522313997402,0.024287856103937022,0.10716996195559762,0.0014451245508272429,HG00129,GBR,EUR
62,0.019177101662583223,0.014668064300581134,0.01684325887868116,0.00536126851357304,0.1450834968081487,0.006404520417434314,0.006510948733535499,0.06688639192580467,0.0018773022214593129,0.09401130774678707,0.15521325272018055,0.026800668907835667,0.002612568712576604,0.12124110466498944,0.01920779875949703,0.005119757085018514,0.009060762450449424,0.006614110757821344,0.0015597668573570612,0.0333573181625298,0.02565122494547937,0.032624334888593426,0.062167848655159494,0.020806056716158153,0.09924806538465224,0.0018916991231090578,HG00130,GBR,EUR
63,0.012868009533790154,0.012103571059874786,0.02103412083859678,0.005541333673429378,0.14322070459259237,0.007083105322462722,0.006942461570712638,0.060278315606923615,0.0015845602346072534,0.10599146768678677,0.17441560699786732,0.024238724327801935,0.0028839463812803125,0.10811426418811232,0.017084007382320406,0.005862234967176333,0.007059892445206003,0.0028674358826318636,0.001245204033196607,0.038296139545016886,0.02834973297552757,0.022377157335309095,0.05996343164298981,0.01758286195564711,0.11184349359895997,0.0011682162211759763,HG00130,GBR,EUR
64,0.01678327843786915,0.023183958562695492,0.015789890320667473,0.004976581174543034,0.14200266682404186,0.007601686753103615,0.006440120636600366,0.047854061946932945,0.0010152425949529463,0.1295199866160203,0.10924712135118479,0.02730570480757109,0.0019622467909013283,0.09461612053219867,0.02149112366109609,0.007205432165268751,0.007519366778110844,0.002256159627551854,0.001049670125874202,0.030895958567735672,0.017160631155455578,0.03156590520395713,0.04987629131655243,0.03261023179285146,0.16868515386043417,0.0013854083958277947,HG00131,GBR,EUR
65,0.027173131140878385,0.011104305440578544,0.020309960970295013,0.003644547671644081,0.16632758416578972,0.009333232371177821,0.004330832648858015,0.05332694847510442,0.00230703204110674,0.09657073417434181,0.12777934306632424,0.02426447417216667,0.001731579146792427,0.1638600226849833,0.025267004806392695,0.004894689077383125,0.004662685286356805,0.0027673305860604347,0.0013794723811549085,0.025031773314690312,0.017572345013856492,0.035739237734143905,0.06269620023222916,0.016034170518100643,0.08860295181398899,0.003288411065597296,HG00131,GBR,EUR
66,0.011652496825936354,0.007813689748944,0.018295396980603833,0.006077733838453226,0.1323164028778286,0.00528018219780672,0.007479526937748695,0.06662187462888436,0.002028399252302515,0.1286992465271587,0.10578484913275012,0.021587042013221834,0.0018800092022335047,0.15562390417765382,0.022200803677030808,0.007362241395744637,0.005349037299560166,0.003267327031813172,0.0014721168205201584,0.023601269898226432,0.016838334903696395,0.021513578979393506,0.10736763075779486,0.02337968036724878,0.09463985420284798,0.0018673703246057315,HG00132,GBR,EUR
67,0.012050157721044138,0.012082242553375934,0.01963948938901648,0.00576508924186577,0.1602397573205163,0.008918936668555578,0.007226126781970084,0.05224912092640809,0.0028148480374679432,0.1303513815954678,0.08957424152594932,0.01813182522853681,0.004229584626358594,0.10639060407618743,0.018873739852016184,0.005608930466483925,0.008489866181806653,0.003055543911734899,0.0020082917305149646,0.03478068190992097,0.018971657881013886,0.03164311441877781,0.09177313919574777,0.019485933891616035,0.13447106488634086,0.0011746299813085734,HG00132,GBR,EUR
68,0.01989518557696709,0.01790886083382946,0.026041029299394433,0.005438198206803502,0.14853716687146482,0.00641121667499668,0.005699573427274025,0.06657475831889093,0.0013615159747197615,0.11487930079103308,0.11691155448389783,0.04201316133273325,0.0028079842889502855,0.0949623524056351,0.019320883366333648,0.005438933946349998,0.006043544270966926,0.0021900636692894298,0.0012930792614012625,0.03494405603730974,0.024896042516879144,0.02915820589664388,0.06452583862444487,0.01690339569229916,0.12407011252128577,0.0017739857102001032,HG00133,GBR,EUR
69,0.011841766487634336,0.011746030079767092,0.01534807872012916,0.003628233190701868,0.21095549082542517,0.0048466525386189376,0.005909654860669415,0.04484355889299781,0.00140965968754858,0.173166242612159,0.10706643752339398,0.018423873309812572,0.006459133986426315,0.09824119017915094,0.018200760052386623,0.005244999676852786,0.004662132344222697,0.001756417026896531,0.0009547291255694642,0.03657087505241714,0.022618908664990084,0.016781536972566933,0.06787307863982074,0.01819250076135186,0.09209735190012194,0.0011607068883660466,HG00133,GBR,EUR
70,0.024960175796359223,0.01821184025331724,0.025863364192198698,0.005441241800733946,0.1168653115268868,0.007471104761527095,0.005630804536247339,0.06153645234214446,0.0025352121403210293,0.11975412209199544,0.07576974026385398,0.02907364215182784,0.0019025183286711077,0.1903348400925691,0.03579381707005193,0.005889815784142841,0.007098938991049877,0.00499465339181359,0.0009791649400736784,0.022561770590567805,0.01908676541790795,0.03376082990914168,0.07003547592681043,0.02487311790020135,0.08854052126717231,0.0010347585324131305,HG00136,GBR,EUR
