left,AFR,AMR,EAS,EUR,SAS,right
0.0,0.01937431895875082,0.8406220584049474,0.026474571105737848,0.08773956120099019,0.025789490329573648,130192.0
130192.0,0.0,0.22709826776022377,0.6339313595461779,0.04953429528637543,0.08943607740722291,288354.0
288354.0,0.022521612725125276,0.7450330917553656,0.060783649108584296,0.10108372295642977,0.07057792345449505,347779.0
347779.0,0.11713250336321253,0.32321348004425227,0.07350447775953392,0.4854696857636708,0.0006798530693305921,348410.0
348410.0,0.05781130698566838,0.008060704562692835,0.303247051781122,0.03212679656704729,0.5987541401034695,352036.0
352036.0,0.012778747462168507,0.8684398090954555,0.10024177709476667,0.0,0.01853966634760922,399245.0
399245.0,0.014078879104436958,0.876065481474571,0.07117284958385407,0.008554187529958573,0.030128602307179307,531221.0
531221.0,0.0,0.09112536570144522,0.9088746342985549,0.0,0.0,574734.0
574734.0,0.007837785357345512,0.2129115214689998,0.7090560968062207,0.019306284294170476,0.05088831207326336,600131.0
600131.0,0.0026929126546530943,0.7239243214976048,0.04108646725862958,0.15338850030179194,0.07890779828732059,648308.0
648308.0,0.22880612255403426,0.22168435751837023,0.011948695438128194,0.38864703124078687,0.14891379324868056,648640.0
648640.0,0.9188699225078565,0.011030918779645137,0.0,0.005502039780601588,0.06459711893189671,652239.0
652239.0,0.03511912679351879,0.7362433914234419,0.03249763995771745,0.10215898896145503,0.0939808528638668,739529.0
739529.0,0.10340125811903007,0.25448257951025094,0.13585020116998908,0.2542645072890331,0.25200145391169676,759868.0
759868.0,0.03396192429070869,0.4214221881782204,0.2940998449522136,0.23057937776500118,0.019936664813856232,813770.0
813770.0,0.005325424413124569,0.772607413224963,0.08179990671833946,0.06426850547037743,0.07599875017319555,900015.0
900015.0,0.0347742519873009,0.20326936935127982,0.3194543539905537,0.2028033046198192,0.23969872005104623,929052.0
929052.0,0.9583822556198365,0.04161774438016353,0.0,0.0,0.0,931075.0
931075.0,0.04401287588891261,0.1663658460477262,0.7417407085023568,0.007922613279902775,0.03995795628110168,934340.0
934340.0,0.008454468186695261,0.7863437401508057,0.14132693206604405,0.0211097421725961,0.042765117423858835,1009679.0
1009679.0,0.059704990377141644,0.7553851786444985,0.07552680989030136,0.06727268811562309,0.04211033297243535,1174773.0
1174773.0,0.4543070909534354,0.1555802703741934,0.005138270409611591,0.20111195643349858,0.1838624118292611,1174881.0
1174881.0,0.018969608867057848,0.4016084510092668,0.5349667292465566,0.017459181424421558,0.026996029452697252,1253400.0
1253400.0,0.00018433444695015278,0.129253961288075,0.8200582936549209,0.0,0.05050341061005401,1324903.0
1324903.0,0.045497175554506525,0.8992071939986414,0.012760868322628328,0.017887333157725668,0.02464742896649824,1488292.0
1488292.0,0.0,0.7455922255217722,0.16752333751520634,0.07406481860861602,0.012819618354405492,1505671.0
1505671.0,0.9695163311274339,0.008491304395753798,0.012564073356874358,0.008986253853587556,0.00044203726635041833,1505806.0
1505806.0,0.018536501889041254,0.22250034114564868,0.27676331074823857,0.2876936802474699,0.1945061659696015,1508001.0
1508001.0,0.5,0.5,0.0,0.0,0.0,1508053.0
1508053.0,0.00402530973599792,0.4052957995257046,0.36461370327896553,0.10218411961160025,0.12388106784773176,1689557.0
1689557.0,0.26431030846743764,0.040887052523320214,0.47567132121372036,0.10589319428661095,0.1132381235089108,1776722.0
1776722.0,0.014548659632553097,0.9333467016055776,0.021832733742626356,0.00747846970707427,0.022793435312168563,1900252.0
1900252.0,0.8166524179903984,0.04034119102991026,0.00899161221280946,0.03495907740319369,0.09905570136368799,1906049.0
1906049.0,0.8084944660746314,0.12068003849687212,0.012845050089680213,0.005741720985169955,0.05223872435364626,1908511.0
1908511.0,0.017675219713825643,0.8952970933796472,0.006860514125514539,0.07407953631805597,0.006087636462956573,2083111.0
2083111.0,0.026586733953232963,0.5120807127578554,0.1634237197977062,0.13593588984884614,0.16197294364235926,2286642.0
2286642.0,0.037144527796001026,0.18304418705171718,0.05816184585544807,0.09434206513415845,0.6273073741626752,2338646.0
2338646.0,0.00844966887299983,0.8277832016555465,0.05341447611831705,0.0301293705489043,0.08022328280423233,2574346.0
2574346.0,0.017707362534948742,0.0972997125812139,0.6764263917240713,0.062185961037306135,0.14638057212245986,2628236.0
2628236.0,0.019158712644269535,0.7985343896434326,0.07527495697983266,0.06476774622097804,0.042264194511487205,2690076.0
2690076.0,0.0013461485540889298,0.9038830073497726,0.0589874069150332,0.020385710569266226,0.015397726611839128,2794706.0
2794706.0,0.00860668542305562,0.1033429467340245,0.8680711679125409,0.0032969051174208228,0.01668229481295814,2823410.0
2823410.0,0.0,0.9823823733125929,0.00016798817363257627,0.0008168329926948707,0.01663280552107955,2992989.0
2992989.0,0.0,1.0,0.0,0.0,0.0,3074169.0
3074169.0,0.0,0.1620035524249784,0.8226935470639074,0.015302900511114208,0.0,3085337.0
3085337.0,0.07613156163382548,0.7715659013798538,0.013323422519707707,0.10087975270836237,0.038099361758250516,3542521.0
3542521.0,0.0,0.5,0.0,0.5,0.0,3543114.0
3543114.0,0.0,0.10222570590058148,0.6714577371078583,0.0,0.22631655699156017,3565546.0
3565546.0,0.05460754032303531,0.9395253744938428,0.0026218286683009247,0.0,0.0032452565148209963,3636704.0
3636704.0,0.037859346653857165,0.5558741880889159,0.3576079226940114,0.03574457121598936,0.012913971347225973,3655969.0
3655969.0,0.038673658232659655,0.9246700171204508,0.01735690754551755,0.01733552925125602,0.0019638878501161312,3811502.0
3811502.0,0.7154442668560943,0.28455573314390575,0.0,0.0,0.0,3816309.0
3816309.0,0.0434404905540715,0.3726483255219832,0.05425733334057878,0.28964188157447507,0.24001196900889135,3839728.0
3839728.0,0.005521333697674704,0.8439811393954737,0.14248068802272212,0.00230294876526754,0.005713890118861897,4000790.0
4000790.0,0.017402229176150853,0.9566446701964918,0.02177718901789657,0.0,0.004175911609460806,4106586.0
4106586.0,0.01861615445528039,0.8548816850988527,0.10137286800557545,0.013629434901352414,0.011499857538939163,4157136.0
4157136.0,0.0,0.22573831487563692,0.00993952636992273,0.020864623810891655,0.7434575349435487,4255295.0
4255295.0,0.948051948051948,0.05194805194805195,0.0,0.0,0.0,4257291.0
4257291.0,0.015779902860051577,0.29983534622139074,0.024820567028337525,0.35753384222737394,0.30203034166284615,4280393.0
4280393.0,0.2639776357827476,0.1385782747603834,0.2012779552715655,0.20087859424920126,0.19528753993610223,4281657.0
4281657.0,0.011029132994728592,0.870428974686018,0.03199370957132738,0.0666302899798847,0.019917892768041366,4381106.0
4381106.0,0.9882185947480483,0.009179086822805773,0.0004731488052992667,0.00023657440264963334,0.0018925952211970667,4381108.0
4381108.0,0.005797984304987953,0.7466685765113728,0.02556560135480665,0.10235403450468863,0.11961380332414383,4461990.0
4461990.0,0.0,0.18838619818654498,0.5491244643280005,0.19055129337892857,0.07193804410652584,4576681.0
4576681.0,0.026754273442623464,0.5928143936706028,0.27138553817577554,0.03763717475945436,0.07140861995154386,4644830.0
4644830.0,0.07718782092203504,0.08293319270587582,0.24061172944017323,0.3066141164062283,0.29265314052568764,4645280.0
4645280.0,0.0,0.5,0.0,0.5,0.0,4647818.0
4647818.0,0.058530467246098325,0.6704568329786095,0.1231463998651617,0.07777870278185879,0.07008759712827176,4707908.0
4707908.0,0.2639776357827476,0.1385782747603834,0.2012779552715655,0.20087859424920126,0.19528753993610223,4708140.0
4708140.0,0.0,0.8786657015572804,0.11290543056289659,0.008428867879823053,0.0,4795731.0
4795731.0,0.0,0.06436961181233626,0.6337076174599394,0.14047562344775966,0.16144714727996462,4821049.0
4821049.0,0.005845928074428682,0.04689827134923583,0.9026141911053679,0.015645968827475886,0.02899564064349163,4827091.0
4827091.0,0.0005061081928530489,0.9850288690487639,0.0011627849468806204,0.011142623047210937,0.0021596147642915114,4887934.0
4887934.0,0.02873156775090216,0.44154957005222856,0.05315401805421835,0.3206313665519414,0.15593347759070958,5025116.0
5025116.0,0.0,0.22202949264356586,0.0,0.7779705073564341,0.0,5157855.0
5157855.0,0.0,0.8687004062241489,0.0,0.0,0.13129959377585115,5216346.0
5216346.0,0.0,0.8895200528416333,0.11047994715836676,0.0,0.0,5235108.0
5235108.0,0.046493703730916595,0.9515597732500221,0.0,0.0019465230190613052,0.0,5410184.0
5410184.0,0.004157180160219547,0.7717201106526825,0.19478929030364314,0.010285970647382861,0.019047448236071855,5474036.0
5474036.0,0.018476315438065848,0.6969471885227835,0.11799096245066815,0.05701484624434024,0.10957068734414227,5640970.0
5640970.0,0.000140479098849839,0.010167523651191328,0.00448137628582566,0.40910676690610137,0.5761038540580318,5641094.0
5641094.0,0.0,0.4857363998230871,0.0,0.0,0.5142636001769129,5645487.0
5645487.0,0.009095778266108575,0.8000900300557292,0.12600256814211952,0.026650605675709357,0.03816101786033338,5667961.0
5667961.0,0.0,0.8211776899925657,0.10075708756455128,0.013966313156841936,0.06409890928604112,5678439.0
5678439.0,0.10327146005776995,0.1392410478274972,0.028581699029250195,0.40174446371244765,0.3271613293730351,5696863.0
5696863.0,0.19523804851594306,0.44988118981443487,0.13420957331801525,0.06880866921888547,0.15186251913272134,5745366.0
5745366.0,0.12150897408209096,0.42572607702091697,0.09669207801887489,0.16057797120397288,0.1954948996741442,5771076.0
5771076.0,0.9555250217922424,0.03729730528346033,0.0,0.002863547656175498,0.004314125268121811,5772600.0
5772600.0,0.75,0.25,0.0,0.0,0.0,5772744.0
5772744.0,0.5,0.5,0.0,0.0,0.0,5773304.0
5773304.0,0.023021080600880567,0.8654757487349747,0.09296638470877892,0.01853678595536581,0.0,5834492.0
5834492.0,0.0031223260747958396,0.8435796809246748,0.024883307224975063,0.0756502301982925,0.052764455577261775,5875190.0
5875190.0,0.006340750872078201,0.7951814261821191,0.0,0.16876152321069673,0.029716299735106033,6041555.0
6041555.0,0.01160438296061803,0.9430214675757994,0.0,0.01429840025799355,0.031075749205588938,6129101.0
6129101.0,0.001490236025076902,0.9836647862446974,0.004511907243406394,0.00422955333149694,0.006103517155322231,6408201.0
6408201.0,0.011340572162668192,0.975767005663804,0.0,0.006933911274704889,0.005958510898822789,6641145.0
6641145.0,0.02446889417475289,0.8328388707919369,0.02437026259657458,0.015313639720936998,0.10300833271579876,6641169.0
6641169.0,0.005220864911635676,0.8281731574504866,0.1400012333956465,0.004934053347657044,0.021670690894574334,6676723.0
6676723.0,0.011165970774859781,0.826686981952148,0.07145091509291533,0.03591896285849321,0.054777169321583684,6740242.0
6740242.0,0.04554126871552958,0.1194575304762314,0.20008564122103537,0.06702552404187123,0.5678900355453325,6840545.0
6840545.0,0.034716028092522076,0.13186303320393541,0.07049502134480844,0.23313274103702555,0.5297931763217085,6841788.0
6841788.0,0.2639776357827476,0.1385782747603834,0.2012779552715655,0.20087859424920126,0.19528753993610223,6841789.0
6841789.0,0.9717145063714763,4.0223967048526195e-05,0.007513837044664693,0.0,0.0207314326168104,6841790.0
6841790.0,0.0468124000770343,0.9531875999229656,0.0,0.0,0.0,6889313.0
6889313.0,9.561414944060045e-05,0.9576767714849082,0.014004747549120917,0.017478084828146626,0.010744781988383675,7080969.0
7080969.0,0.018348914128681136,0.5397696433507478,0.31243921879049386,0.07478335930212457,0.05465886442795264,7226583.0
7226583.0,0.0,0.4507067003321743,0.4313827745539293,0.0734953769311374,0.04441514818275901,7367131.0
7367131.0,0.0,0.4616283185692074,0.4943908638073936,0.027062922175833413,0.016917895447565695,7416349.0
7416349.0,0.00047549745413208477,0.9600192807695866,0.026448409514375996,0.006267435894800834,0.0067893763671045895,7483037.0
7483037.0,0.007092545398317173,0.8513544370871423,0.05298310647294994,0.06841731438985008,0.020152596651740514,7598167.0
7598167.0,0.06324482275943917,0.24569321870251631,0.19352289305763523,0.2758200178409304,0.221719047639479,7642529.0
7642529.0,0.020028237349239898,0.2374557268129416,0.04145231803546919,0.47077979622496535,0.23028392157738395,7664053.0
7664053.0,0.032044917866969065,0.37935083940861525,0.0,0.4510387929070289,0.13756544981738666,7666183.0
7666183.0,0.0,0.9505374697804436,0.0015734336248074878,0.001222569862016909,0.046666526732731944,7699214.0
7699214.0,0.19394272714773197,0.27269772838064027,0.0,0.4963222970047714,0.03703724746685636,7705721.0
7705721.0,0.0,0.40507250903280745,0.5949274909671927,0.0,0.0,7882625.0
7882625.0,0.044251578622920826,0.714777653693213,0.17661939347962993,0.06408016986445919,0.0002712043397771513,7948975.0
7948975.0,0.004302426510518576,0.8515866705216814,0.09901451648083034,0.014526704005948297,0.03056968248102147,8111455.0
8111455.0,0.3077416697694639,0.10316714127330477,0.401024581781068,0.07547666939158133,0.11258993778458196,8116513.0
8116513.0,0.004302426510518576,0.8515866705216814,0.09901451648083034,0.014526704005948297,0.03056968248102147,8288985.0
8288985.0,0.0,0.9909876858641744,0.0,0.0,0.009012314135825612,8557466.0
8557466.0,0.0025705450211211543,0.9427599098199252,0.051215384774188535,0.0,0.003454160384765081,8659157.0
8659157.0,0.004821932345888967,0.5132695169578414,0.4429114470399332,0.012767284433456896,0.026229819222879442,8675289.0
8675289.0,0.75,0.25,0.0,0.0,0.0,8676129.0
8676129.0,0.005150775077656487,0.7044995585483163,0.270416107002255,0.01134206587756079,0.008591493494211485,8851345.0
8851345.0,0.026768761266428034,0.04875749641161943,0.39855895556243326,0.0038675562913793628,0.5220472304681399,8955847.0
8955847.0,0.04135443459768012,0.26487838075665254,0.19278538291103467,0.28658269337622067,0.214399108358412,9033868.0
9033868.0,0.0,1.0,0.0,0.0,0.0,9178041.0
9178041.0,0.0,0.9463321360929582,0.04917421340454212,0.00274857845479209,0.001745072047707612,9286387.0
9286387.0,0.10362818876835052,0.35134158723981235,0.016835717698186686,0.3223721467765857,0.20582235951706476,9331870.0
9331870.0,0.01475721290036762,0.66702070308414,0.2994697026709397,0.004844287873258748,0.01390809347129394,9520142.0
9520142.0,0.0,0.9404019111124228,0.0531268210739748,0.0,0.006471267813602555,9657435.0
9657435.0,0.0033636890373170756,0.6093796929293338,0.332809262459437,0.016556612458845807,0.03789074311506618,9746280.0
9746280.0,0.4907089765580332,0.5,0.009291023441966839,0.0,0.0,9746345.0
9746345.0,0.024273763023703022,0.5955351626241231,0.3348757546540103,0.007950565897317099,0.03736475380084633,9760500.0
9760500.0,0.4907089765580332,0.5,0.009291023441966839,0.0,0.0,9767301.0
9767301.0,0.024273763023703022,0.5955351626241231,0.3348757546540103,0.007950565897317099,0.03736475380084633,9771499.0
9771499.0,0.04757915906470265,0.509068558446128,0.2604758764285148,0.10129199436351433,0.0815844116971404,9889702.0
9889702.0,0.03173044076365579,0.3435203021321695,0.5841695116917487,0.0,0.04057974541242586,10046056.0
10046056.0,0.06714967749608385,0.7654913532522974,0.1663846585359058,0.0009743107157129331,0.0,10132169.0
10132169.0,0.0,0.9193204239096966,0.007411097810230013,0.06851083739560056,0.00475764088447275,10314013.0
10314013.0,0.0,0.5809946432034129,0.0010474840023269342,0.273715701958503,0.14424217083575722,10451382.0
10451382.0,0.0,0.9193204239096966,0.007411097810230013,0.06851083739560056,0.00475764088447275,10814810.0
10814810.0,0.01925177776019677,0.8481823879248012,0.03653152278673697,0.05709541121547125,0.03893890031279398,11110962.0
11110962.0,0.0,0.2529868578255675,0.0,0.0,0.7470131421744325,11111809.0
11111809.0,0.013765860775798519,0.4843386429239776,0.3304179245390627,0.05262450908703951,0.11885306267412164,11167685.0
11167685.0,0.08427326651743176,0.1359580708572535,0.41143657912266074,0.30006014082822113,0.06827194267443283,11243079.0
11243079.0,0.027571594310865786,0.5594851506641089,0.052522839913991294,0.13846595319327024,0.22195446191776386,11257383.0
11257383.0,0.2639776357827476,0.1385782747603834,0.2012779552715655,0.20087859424920126,0.19528753993610223,11258070.0
11258070.0,0.006393771535335056,0.3498409118750062,0.6115913664923327,0.014707819547798793,0.01746613054952728,11534396.0
11534396.0,0.0,0.3804202450319941,0.04627416513711708,0.21704647570820507,0.35625911412268363,11552515.0
11552515.0,0.9970445476128156,0.002955452387184468,0.0,0.0,0.0,11555733.0
11555733.0,0.0,0.07217941866836228,0.707362844754361,0.08617928917861951,0.13427844739865738,11602016.0
11602016.0,0.2639776357827476,0.1385782747603834,0.2012779552715655,0.20087859424920126,0.19528753993610223,11602867.0
11602867.0,0.026294453388859617,0.1320165290361243,0.6677922650966636,0.09908882442427039,0.0748079280540822,11606011.0
11606011.0,0.2639776357827476,0.1385782747603834,0.2012779552715655,0.20087859424920126,0.19528753993610223,11606894.0
11606894.0,0.026294453388859617,0.1320165290361243,0.6677922650966636,0.09908882442427039,0.0748079280540822,11632964.0
11632964.0,0.0,0.5,0.5,0.0,0.0,11785333.0
11785333.0,0.05899457640428835,0.09681304292173622,0.32605515142132624,0.2726943339814087,0.2454428952712403,11799683.0
11799683.0,0.008436782996221305,0.2734493520680769,0.017078043814380058,0.5135952239695459,0.18744059715177575,11801679.0
11801679.0,0.014556655149921952,0.9239465244743139,0.004708305337192538,0.02666678851589266,0.030121726522679033,11926333.0
11926333.0,0.0,0.9944753007868202,0.005524699213179784,0.0,0.0,12011319.0
12011319.0,0.017586627234242157,0.8616624912094449,0.03317170081837723,0.04850986412612827,0.039069316611807306,12289764.0
12289764.0,0.0,0.054250562530351494,0.6383282932935549,0.04457097749685119,0.2628501666792426,12293124.0
12293124.0,0.027773634611610625,0.9378132863076291,0.03384426551167725,0.00012972070048043472,0.0004390928686027181,12354307.0
12354307.0,0.053618131106126586,0.8806158356106571,0.031101644038279003,0.023798417640805362,0.010865971604131852,12632869.0
12632869.0,0.0037732553603567493,0.9506910428716167,0.03276654415207492,0.0021612982387158456,0.010607859377235745,12738322.0
12738322.0,0.2639776357827476,0.1385782747603834,0.2012779552715655,0.20087859424920126,0.19528753993610223,12738362.0
12738362.0,0.029734482001443123,0.8843686950949168,0.03094586130757235,0.03235851802280473,0.022592443573262986,12826819.0
12826819.0,0.001234252149524116,0.9140724381963922,0.07757803998651279,0.007115269667570923,0.0,13205045.0
13205045.0,0.006116081889107777,0.07105199212003922,0.000770928614613798,0.667851264294,0.25420973308223915,13250175.0
13250175.0,0.0690302994797684,0.04392549447838384,0.7230411625941208,0.0036773173995041843,0.16032572604822284,13289698.0
13289698.0,0.22473916552181306,0.0008076021481616693,0.20351574133674066,0.4396009664806079,0.13133652451267666,13291043.0
13291043.0,5.7137486912426975e-05,0.9994381112773515,0.0,0.0003785634268020259,0.0001261878089340086,13375058.0
13375058.0,0.2639776357827476,0.1385782747603834,0.2012779552715655,0.20087859424920126,0.19528753993610223,13376372.0
13376372.0,0.0,0.9852897004627449,0.014710299537255118,0.0,0.0,14026514.0
14026514.0,0.2639776357827476,0.1385782747603834,0.2012779552715655,0.20087859424920126,0.19528753993610223,14027534.0
14027534.0,0.0,0.9852897004627449,0.014710299537255118,0.0,0.0,14266345.0
14266345.0,0.006903112055670422,0.4390851841720489,0.4638820760014591,0.06872309863424167,0.021406529136579946,14479301.0
14479301.0,0.0,0.0008718533185573453,0.9974317092001533,0.0008718533185573453,0.0008245841627319471,14479772.0
14479772.0,0.0,0.5,0.5,0.0,0.0,14480232.0
14480232.0,0.0037490073955152416,0.00806780863449294,0.14510538738783352,0.0016849083233664997,0.8413928882587918,14530401.0
14530401.0,0.0003104150655018009,0.5634617347966575,0.17102365420291712,0.05110273705598148,0.2141014588789421,14947469.0
14947469.0,0.0,0.5,0.0,0.5,0.0,14967506.0
14967506.0,0.0,0.2842231106426193,0.7157768893573807,0.0,0.0,15026527.0
15026527.0,0.019231681327806876,0.3986084242029587,0.21158636195616815,0.038922096388114995,0.33165143612495135,15065757.0
15065757.0,0.06015430677429695,0.6291792584484498,0.0007856012071313694,0.14799869404734745,0.1618821395227744,15147279.0
15147279.0,0.1299100549117392,0.43762057520731645,0.012993729978167088,0.3143116265261384,0.10516401337663887,15216004.0
15216004.0,0.0002996907903423415,0.8734147247665575,0.019325450073540928,0.03604487992409471,0.07091525444546458,15289241.0
15289241.0,0.0,0.5,0.5,0.0,0.0,15304482.0
15304482.0,0.0,0.828873923600461,0.1562439618259033,0.01488211457363566,0.0,15368054.0
15368054.0,0.0,0.8596106446856645,0.001178079619774803,0.0990479644072695,0.04016331128729129,15385387.0
15385387.0,0.0,0.9377834627663226,0.01718580637397325,0.02764718029496089,0.017383550564743288,15554896.0
15554896.0,0.02986294253474432,0.18765231809147,0.2626436548595304,0.32848589940466977,0.19135518510958544,15560791.0
15560791.0,0.0,0.9289393236974447,0.014323476917678721,0.0,0.05673719938487655,15727720.0
15727720.0,0.019048371794134343,0.5607910942167238,0.40761537255354524,0.004766547949478228,0.007778613486118246,15837346.0
15837346.0,0.0,0.019411244830642972,0.9805887551693571,0.0,0.0,15851864.0
15851864.0,0.003007606006310578,0.8298902088937472,0.022983909307866236,0.026106829356122803,0.11801144643595315,16055113.0
16055113.0,0.0,0.775307094006067,0.17003416009538116,0.013299032768147675,0.04135971313040417,16055382.0
16055382.0,0.0,0.08960350552910706,0.9103964944708929,0.0,0.0,16076022.0
16076022.0,0.04182703488569769,0.7961362365987702,0.09069944797065635,0.013804813630595944,0.057532466914279726,16133525.0
16133525.0,0.2639776357827476,0.1385782747603834,0.2012779552715655,0.20087859424920126,0.19528753993610223,16133529.0
16133529.0,0.015480644741133916,0.7439209819495319,0.14612941737578405,0.008880433958054263,0.08558852197549578,16239136.0
16239136.0,0.2639776357827476,0.1385782747603834,0.2012779552715655,0.20087859424920126,0.19528753993610223,16240372.0
16240372.0,0.005332123423087046,0.5005850619951481,0.38905959573083265,0.0,0.10502321885093212,16493899.0
16493899.0,0.0019345381069918296,0.7583908883033349,0.20770315306012732,0.02738146007135995,0.0045899604581858535,16508405.0
16508405.0,0.0,1.0,0.0,0.0,0.0,16532430.0
16532430.0,0.9470169053482254,0.04914232011330817,0.0,0.0027506932145873186,0.0010900813238791645,16534115.0
16534115.0,0.018655960479051246,0.6529069063197958,0.18537672831543653,0.0,0.14306040488571636,16662855.0
16662855.0,0.050939843050808384,0.31401559648593375,0.335638527283489,0.1350795301626609,0.16432650301710794,16674584.0
16674584.0,0.33270826610631005,0.12887433696039086,0.08540427603629297,0.15615479514748526,0.2968583257495208,16682864.0
16682864.0,0.056455289446778,0.3161979059576114,0.3275855339582761,0.13183268745365137,0.1679285831836832,16701066.0
16701066.0,0.0,0.9657791101232771,0.029736088370715466,0.0026049287994916698,0.0018798727065157494,16723768.0
16723768.0,0.03721575201555308,0.22236000370792558,0.004312181065988193,0.5704239386505019,0.1656881245600311,16852227.0
16852227.0,0.0,0.10054376691368015,0.7509193454563847,0.0,0.148536887629935,16872104.0
16872104.0,0.0006966760548832018,0.9456052405276827,0.048975191171554,0.0006966760548832018,0.004026216190996927,17299575.0
17299575.0,0.011079032477586586,0.5061394596229639,0.4720041329280223,0.0,0.01077737497142717,17447065.0
17447065.0,0.0,0.20130886076843477,0.7588443458698132,0.02747380336009211,0.012372990001659917,17537857.0
17537857.0,0.0,0.860523642565451,0.037689575391891064,0.059053329120546845,0.04273345292211102,17773899.0
17773899.0,0.0,1.0,0.0,0.0,0.0,17882808.0
17882808.0,0.00761184975984248,0.7964977111281271,0.045858981626043745,0.09454482774623188,0.05548662973975476,18055164.0
18055164.0,0.0131893998825141,0.8819776041977622,0.07651613802881704,0.02722549986827718,0.0010913580226296052,18091960.0
18091960.0,0.02635032606857169,0.4186950019071835,0.480998955326781,0.0070486293187788755,0.06690708737868488,18149651.0
18149651.0,0.0166269113260425,0.19435376550903483,0.47392810351432735,0.16625069425639943,0.14884052539419595,18183311.0
18183311.0,0.0006931875072207032,0.9993068124927793,0.0,0.0,0.0,18209242.0
18209242.0,0.05651414953184003,0.1762958718155966,0.7591777969691832,0.00020340510651852773,0.007808776576861732,18345852.0
18345852.0,0.0,1.0,0.0,0.0,0.0,18429382.0
18429382.0,0.0,1.0,0.0,0.0,0.0,18838739.0
18838739.0,0.014939841169273568,0.15433355346364913,0.45739257990094484,0.19924434911957614,0.17408967634655642,18926167.0
18926167.0,0.048966463295763436,0.04515828137449324,0.1396639930521142,0.04696013626713644,0.7192511260104926,18964419.0
18964419.0,0.030597537442150383,0.771054793714766,0.12110023851404045,0.0025809610009620253,0.07466646932808109,19057525.0
19057525.0,0.0,1.0,0.0,0.0,0.0,19102733.0
19102733.0,0.011188654471384613,0.7752783434356657,0.19526189790717985,0.010737114325638106,0.007533989860131649,19453248.0
19453248.0,0.0,0.4866538325338828,0.4702698387148698,0.002440974793162283,0.04063535395808519,19606826.0
19606826.0,0.0,0.8116954304038991,0.18830456959610087,0.0,0.0,19668717.0
19668717.0,0.01521330364846578,0.3549911025606063,0.5512250737060901,0.04299153339604893,0.035578986688789005,19712107.0
19712107.0,0.027966663181841864,0.22093636000027783,0.19252069791358606,0.3487286730240883,0.2098476058802059,19812613.0
19812613.0,0.004291669757917556,0.10578199728456412,0.5673805530521491,0.10249560907237203,0.22005017083299716,19858429.0
19858429.0,0.11798809295862021,0.18905107529879595,0.019748952978395354,0.5167858964861998,0.1564259822779886,19869703.0
19869703.0,0.5131608215318454,0.4868391784681545,0.0,0.0,0.0,19876269.0
19876269.0,0.002904219946878432,0.8251596811795873,0.11380630753422599,0.013465482639992837,0.044664308699315675,19924236.0
19924236.0,0.0,0.11386647319016693,0.7485539863268995,0.0,0.13757954048293353,19965124.0
19965124.0,0.0,0.6588893379307089,0.26655949188780326,0.07271331122233458,0.0018378589591531859,20017063.0
20017063.0,0.024357065792946702,0.2162019216068154,0.6005728813280623,0.06171015074919836,0.09715798052297718,20036799.0
20036799.0,0.0,0.6588893379307089,0.26655949188780326,0.07271331122233458,0.0018378589591531859,20194204.0
20194204.0,0.0,0.8951466281350478,0.028307061322648118,0.07654631054230412,0.0,20320845.0
20320845.0,0.04025048901890365,0.18851459203247953,0.33008204383557826,0.38000322754133253,0.06114964757170593,20354126.0
20354126.0,0.006775315609951437,0.03415779232543849,0.9360151733568232,0.010105392829006889,0.01294632587878007,20381337.0
20381337.0,0.06853361758613061,0.3759546268176424,0.4979087307174031,0.0,0.057603024878823836,20411732.0
20411732.0,0.0,0.2982096354166667,0.7017903645833333,0.0,0.0,20420893.0
20420893.0,0.03355700215853702,0.9081912011091223,0.006935140303485389,0.019931405953447157,0.031385250475408154,20742272.0
20742272.0,0.01714917077584035,0.9195475873397094,0.005308523413291799,0.02907156874453973,0.028923149726618608,20823515.0
20823515.0,0.0,1.0,0.0,0.0,0.0,21071370.0
21071370.0,0.007043043292241647,0.7839930943599429,0.10437263997917003,0.00010673555469565783,0.1044844868139497,21199657.0
21199657.0,0.2639776357827476,0.1385782747603834,0.2012779552715655,0.20087859424920126,0.19528753993610223,21199845.0
21199845.0,0.0,1.0,0.0,0.0,0.0,21540007.0
21540007.0,0.03683845659745823,0.28983968028244256,0.05973305358210736,0.31459253692292005,0.2989962726150718,21549672.0
21549672.0,0.0,0.5,0.5,0.0,0.0,21564484.0
21564484.0,0.04894444355809257,0.1567113024138347,0.689154346608925,0.023437475946043,0.08175243147310467,21564975.0
21564975.0,0.0,0.04938889249357133,0.9506111075064286,0.0,0.0,21593900.0
21593900.0,0.024725692982839394,0.8686615130046124,0.06351355943494659,0.0,0.043099234577601675,21962731.0
21962731.0,0.2639776357827476,0.1385782747603834,0.2012779552715655,0.20087859424920126,0.19528753993610223,21967784.0
21967784.0,0.015193407779981223,0.9079571159367141,0.012787648514419228,0.039231094914774445,0.024830732854110967,22615752.0
22615752.0,0.06030495348568823,0.17568156202903612,0.4660845408322992,0.1563696371881556,0.14155930646482093,22738814.0
22738814.0,0.028644496720538617,0.40027268721840364,0.07640118874431263,0.3704117426680118,0.12426988464873345,22854218.0
22854218.0,0.008019911579327126,0.9376873414022231,0.004938351187108339,0.0,0.049354395831341484,23230140.0
23230140.0,0.0,0.9876155771211125,0.00031309549266561034,0.0,0.0120713273862219,23268961.0
23268961.0,0.03731697514687665,0.725427659486238,0.06648203479393618,0.12457949610308787,0.04619383446986125,23488175.0
23488175.0,0.14827758986612816,0.04722312422007344,0.4282457693559143,0.0382318232079825,0.33802169334990156,23524713.0
23524713.0,0.0,0.3791561023974946,0.3587519710822568,0.26209192652024865,0.0,23621497.0
23621497.0,0.0,0.07563340077799806,0.9243665992220019,0.0,0.0,23632599.0
23632599.0,0.2639776357827476,0.1385782747603834,0.2012779552715655,0.20087859424920126,0.19528753993610223,23632813.0
23632813.0,0.0,0.622682613384149,0.3398715833947527,0.019587180754620237,0.017858622466478045,23775780.0
23775780.0,0.0,0.14066046483609396,0.859339535163906,0.0,0.0,23803666.0
23803666.0,0.02227223695220429,0.5648056570913235,1.3574458158037114e-05,0.19196233782059818,0.22094619367771604,24052263.0
24052263.0,0.00027524356988119827,0.9492088416565696,0.026366181474304015,0.023622315995263855,0.0005274173039812606,24304634.0
24304634.0,0.0015126971830493104,0.9309995238288712,0.04031714522091406,0.026033316938730386,0.0011373168284349888,24431537.0
24431537.0,0.8696998047980411,0.06340021021749426,0.0668999849844647,0.0,0.0,24437026.0
24437026.0,0.0014057927630646613,0.9540851368985706,0.021741352379820878,0.02253835330349166,0.00022936465505225397,24636153.0
24636153.0,0.01390779286362306,0.8900483011095977,0.007329696627931307,0.012452112410622412,0.07626209698822552,24645789.0
24645789.0,0.0,0.00021232203874452563,0.0009250163487969835,0.7161367580406356,0.2827259035718229,24646033.0
24646033.0,0.0,0.5,0.5,0.0,0.0,24695445.0
24695445.0,0.03818970348364195,0.5874897972369796,0.002072225672591192,0.1762937235370985,0.19595455006968865,25177936.0
25177936.0,0.2639776357827476,0.1385782747603834,0.2012779552715655,0.20087859424920126,0.19528753993610223,25178023.0
25178023.0,0.012223256352023879,0.4053523821538727,0.004059625713713699,0.3502608275925001,0.22810390818788961,25585915.0
25585915.0,0.15668795174253441,0.15083395363970445,0.2438961503394181,0.21938400488443185,0.22919793939391114,25589279.0
25589279.0,0.0,1.0,0.0,0.0,0.0,26193541.0
29862565.0,0.0,1.0,0.0,0.0,0.0,30202490.0
30202490.0,0.0,0.9911340680718758,0.0,0.008865931928124158,0.0,30571941.0
30571941.0,0.0,1.0,0.0,0.0,0.0,30761183.0
30761183.0,0.0,0.9499588781809024,0.027858630656363577,0.0,0.02218249116273388,31038195.0
31038195.0,0.013532147128292357,0.003961228120267343,0.4481275815376601,0.5146690370979435,0.01971000611583674,31042176.0
31042176.0,0.9666827679312353,0.02506730441185909,0.0008410940302591178,0.004985762203463686,0.002423071423182894,31042353.0
31042353.0,0.00033447074623290377,0.75088077296508,0.14178342350239925,0.02052599188096154,0.0864753409053263,31044236.0
31044236.0,0.0,0.8464183524923448,0.0,0.0,0.15358164750765524,31324035.0
31324035.0,0.06578268584895765,0.47666182310189603,0.11805825387892353,0.16137896627165849,0.17811827089856422,31469546.0
31469546.0,2.2437585747574863e-05,0.7895002875809465,0.004160582091043419,0.03688058902372739,0.16943610371853515,31665126.0
31665126.0,0.009752326707279062,0.9117345648464712,0.004395990823201907,0.0,0.07411711762304798,31908938.0
31908938.0,0.4907759780168881,0.26821422845334375,0.11561175045427013,0.006318029180176006,0.11908001389532188,31911378.0
31911378.0,0.002315528553562477,0.8491103506136353,0.14857412083280236,0.0,0.0,32038986.0
32038986.0,0.9320045973969323,0.0647262514795727,0.0012155164597102855,0.0020536346637847164,0.0,32044924.0
32044924.0,0.003565322205335646,0.993496484573653,0.002582460400075517,0.0,0.00035573282093595576,32482723.0
32482723.0,0.011668008363446409,0.01556425623415792,0.9685026840316776,0.0002021901843032361,0.004062861186415006,32844521.0
32844521.0,0.0,0.3372390476573447,0.5222789657487001,0.0,0.14048198659395525,32902366.0
32902366.0,2.594187459360366e-05,0.10354723850151015,0.8392351098033782,0.0,0.057191709820518084,32929878.0
32929878.0,0.0,0.3372390476573447,0.5222789657487001,0.0,0.14048198659395525,32935642.0
32935642.0,0.2639776357827476,0.1385782747603834,0.2012779552715655,0.20087859424920126,0.19528753993610223,32936581.0
32936581.0,0.7783374465772874,0.05319885148010517,0.0011077812050008901,0.040628055761874005,0.12672786497573252,32948811.0
32948811.0,0.0,0.986795720305694,0.011353582435611171,0.0018506972586948322,0.0,33005634.0
33005634.0,0.0,1.0,0.0,0.0,0.0,33148614.0
33148614.0,0.0,1.0,0.0,0.0,0.0,33427914.0
33427914.0,0.0,1.0,0.0,0.0,0.0,33642091.0
33642091.0,0.0,1.0,0.0,0.0,0.0,33685301.0
33685301.0,0.028123018125926023,0.004389548167329021,0.9467394103881356,0.000799811678690613,0.019948211639918577,33685559.0
33685559.0,0.0,0.8819874116929687,0.07782348299942743,0.02009455265380194,0.02009455265380194,34011048.0
34011048.0,0.004876250016393026,0.9559677859492752,0.03597439756596361,0.001582581646299864,0.0015989848220683781,34623866.0
34623866.0,0.021031256296531586,0.895749063758773,0.03771990738533021,0.014673760980624024,0.03082601157874119,34884771.0
34884771.0,0.038272262276114,0.961727737723886,0.0,0.0,0.0,35461875.0
35461875.0,0.0,0.02237744459418342,0.9776225554058167,0.0,0.0,35500780.0
35500780.0,0.019671044895916416,0.3026955270909425,0.46612731893784864,0.09211165003823929,0.11939445903705308,35872161.0
35872161.0,0.00392237703390357,0.1593659812155133,0.8367116417505831,0.0,0.0,35928596.0
35928596.0,0.015253218641810177,0.9720200684608302,0.012716519050470172,9.061197235080216e-06,1.132649654385027e-06,36069653.0
36069653.0,0.002441329549675787,0.6353820271372533,0.35712379303404207,0.0007459347567018957,0.004306915522326993,36204141.0
36204141.0,0.008254742694142728,0.4444821796700885,0.5245240919478124,0.018807307631915512,0.003931678056041067,36204908.0
36204908.0,0.0,0.7183931752042438,0.008766810808623857,0.060975997426059414,0.2118640165610728,36419952.0
36419952.0,0.0,0.020866066276795214,0.9205635728098631,0.004521075672041512,0.05404928524130014,36483473.0
36483473.0,0.0,1.0,0.0,0.0,0.0,36549323.0
36549323.0,0.00022924108000153625,0.0004584821600030725,0.997936830279986,0.0004584821600030725,0.000916964320006145,36549514.0
36549514.0,0.00042372829474053683,0.8435625501243799,0.0849374019194704,0.025110329754648174,0.045965989906761,36761099.0
36761099.0,0.9568818363600705,0.002943895800408638,0.0325272641554139,0.0,0.00764700368410694,36778121.0
36778121.0,0.007948153582783076,0.12030693063587154,0.1460226495899311,0.124315669272082,0.6014065969193323,36806784.0
36806784.0,0.29027787607067373,0.22287239305234124,0.16191612699465627,0.19574883518517147,0.1291847686971573,36823020.0
36823020.0,0.0,0.9660003624636941,0.0,0.025749176481129146,0.008250461055176612,36916029.0
36916029.0,0.0,0.8197430738389321,0.15720052140119303,0.004235697122641256,0.018820707637233536,37037090.0
37037090.0,0.23083964927977538,0.1457110982125405,0.2029566928161202,0.21725043825893475,0.2032421214326291,37037585.0
37037585.0,0.61048839071257,0.38951160928742995,0.0,0.0,0.0,37038558.0
37038558.0,0.0064397940133427214,0.9657646453189179,0.027324738529083025,0.0,0.0004708221386563312,37293131.0
37293131.0,0.006603666995603394,0.8502711673357611,0.0698034340861521,0.06860642760684293,0.004715303975640474,37408209.0
37408209.0,0.2639776357827476,0.1385782747603834,0.2012779552715655,0.20087859424920126,0.19528753993610223,37411485.0
37411485.0,0.0,0.9597412462962537,0.03825033476145582,0.0008840758202117528,0.0011243431220788575,37517237.0
37517237.0,0.021575967255574775,0.7310363081227726,0.24008999045269355,0.002155233530896407,0.005142500638062558,37722740.0
37722740.0,0.2639776357827476,0.1385782747603834,0.2012779552715655,0.20087859424920126,0.19528753993610223,37725523.0
37725523.0,0.010376637116260499,0.8730728263914961,0.058798520421332476,0.007633365172445517,0.05011865089846543,38114684.0
38114684.0,0.0,0.9882621267918824,0.011737873208117634,0.0,0.0,38336896.0
38336896.0,0.0014797318907332517,0.15752732761381513,0.7745818614019936,0.03974978062952476,0.0266612984639333,38353011.0
38353011.0,0.0,1.0,0.0,0.0,0.0,38354352.0
38354352.0,0.005463802553512322,0.6866937918811536,0.24500196779792502,0.01277519719429539,0.050065240573113505,38702714.0
38702714.0,0.02568127173999202,0.7979500169374812,0.16466292069881108,0.0025266807833753202,0.009179109840340344,38868109.0
38868109.0,0.01602495890225005,0.48984376527864215,0.0,0.40036858555867055,0.09376269026043721,38903911.0
38903911.0,0.0,0.9857520557845714,0.008993377244294418,2.6324302241463713e-05,0.005228242668892757,39018274.0
39018274.0,0.041661672257086856,0.9193689243256352,0.01624401019297602,0.001251224045165126,0.021474169179136762,39131025.0
39131025.0,0.0,0.2381439463432283,0.7387635123293119,0.0,0.02309254132745984,39234290.0
39234290.0,0.016397476523076916,0.6837209510019336,0.09516740960999766,0.19248973483186418,0.012224428033127744,39328305.0
39328305.0,0.0038369608892624145,0.46912717814387334,0.3515396153032148,0.034187580324087564,0.14130866533956196,39437804.0
39437804.0,0.003245238738880868,0.6508891041674306,0.3264573300780034,0.0,0.019408327015685106,39509448.0
39509448.0,0.2639776357827476,0.1385782747603834,0.2012779552715655,0.20087859424920126,0.19528753993610223,39511302.0
39511302.0,0.05897085526340021,0.304266188348735,0.5659662550136829,0.028187855193420427,0.04260884618076145,39640623.0
39640623.0,0.2639776357827476,0.1385782747603834,0.2012779552715655,0.20087859424920126,0.19528753993610223,39641236.0
39641236.0,0.0008609102196117739,0.9762236414709765,0.01490758908043187,0.0,0.00800785922897996,40085916.0
40085916.0,0.0045149473143498275,0.9721686853546295,0.016720890978256495,0.0,0.006595476352764141,40109764.0
40109764.0,0.0,0.5,0.0,0.0,0.5,40152513.0
40152513.0,0.0015661523640247044,0.970162823088355,0.02399759527419102,0.0,0.004273429273429274,40475176.0
40475176.0,0.2639776357827476,0.1385782747603834,0.2012779552715655,0.20087859424920126,0.19528753993610223,40476297.0
40476297.0,0.01521498893318084,0.6438445105306595,0.3060898211738256,0.01727654751805531,0.017574131844278692,40513907.0
40513907.0,8.1992586311807e-05,0.9494438671316335,0.03368708795626306,0.007818869699436076,0.008968182626355356,40907243.0
40907243.0,0.0746156295043882,0.4673157189199889,0.24632102468977762,0.0948052819446632,0.11694234494118189,40976354.0
40976354.0,0.0006437684283158519,0.11503181496459271,0.8482413740365702,0.009897050402444185,0.026185992168076905,41049002.0
41049002.0,0.021276539761391933,0.5682066240184768,0.29417387144668716,0.06121986878609413,0.055123095987350115,41211992.0
41211992.0,0.0025370763413844486,0.7365397686716512,0.0,0.0771659342594293,0.18375722072753506,41399204.0
41399204.0,0.004946879583567273,0.7780998515849079,0.013906189475150267,0.12939293439704738,0.07365414495932732,41473808.0
41473808.0,0.11469418103249886,0.18791729383622624,0.07555441350714798,0.39534247994876565,0.2264916316753614,41495252.0
41495252.0,0.0265988822893488,0.8045467972557963,0.09192833520376656,0.02930816716908624,0.047617818082002134,41580757.0
41580757.0,0.012605750266963032,0.9669721615407642,0.00853092843692348,0.0,0.011891159755349346,41724622.0
41724622.0,0.0,0.980537403092909,0.01946259690709096,0.0,0.0,41783915.0
41783915.0,0.048094806449885646,0.7344041092175461,0.14893539595943808,0.0,0.06856568837313032,42185458.0
42185458.0,0.07980984343229301,0.22832909225804943,0.4730695718825453,0.09963103743157346,0.11916045499553876,42205071.0
42205071.0,0.05484441539885332,0.2063218997274529,0.3889840834338099,0.2257832030388425,0.12406639840104121,42212844.0
42212844.0,0.0,0.1942234611430034,0.33074800549311445,0.022601818498105553,0.4524267148657765,42251442.0
42251442.0,0.02093987106083266,0.8548673971045414,0.036863131074926114,0.017024014278777467,0.07030558648092239,42362317.0
